39,0
38,1
38,2
38,3
4,4
34,5
6,6
7,7
8,8
39,9
38,10
39,11
38,12
6,13
6,14
38,15
38,16
38,17
38,18
38,19
39,20
38,21
30,22
23,23
38,24
26,25
26,26
38,27
39,28
39,29
39,30
39,31
39,32
39,33
34,34
39,35
38,36
38,37
39,38
39,39
38,40
26,41
42,42
39,43
39,44
38,45
39,46
38,47
38,48
51,49
50,50
51,51
53,52
53,53
59,54
51,55
59,56
53,57
38,58
59,59
39,0
39,1
39,2
38,3
38,4
39,5
39,6
7,7
8,8
39,9
39,10
39,11
38,12
38,13
34,14
38,15
38,16
38,17
38,18
38,19
39,20
8,21
39,22
38,23
38,24
26,25
26,26
38,27
38,28
53,29
53,30
53,31
53,32
53,33
34,34
53,35
38,36
38,37
38,38
39,39
53,40
59,41
59,42
43,43
53,44
53,45
53,46
40,47
8,48
51,49
50,50
51,51
53,52
53,53
51,54
51,55
51,56
53,57
58,58
59,59
39,0
38,1
38,2
38,3
4,4
34,5
6,6
34,7
8,8
39,9
39,10
39,11
39,12
38,13
6,14
26,15
34,16
38,17
38,18
38,19
39,20
38,21
39,22
34,23
38,24
26,25
26,26
38,27
39,28
39,29
39,30
39,31
39,32
39,33
34,34
39,35
38,36
38,37
39,38
39,39
38,40
26,41
42,42
39,43
39,44
39,45
38,46
38,47
38,48
49,49
50,50
51,51
53,52
53,53
59,54
53,55
51,56
53,57
58,58
59,59
39,0
39,1
39,2
38,3
38,4
34,5
39,6
7,7
8,8
39,9
39,10
39,11
38,12
38,13
30,14
38,15
38,16
38,17
39,18
38,19
39,20
8,21
39,22
38,23
38,24
26,25
26,26
38,27
39,28
39,29
39,30
39,31
39,32
38,33
34,34
39,35
38,36
39,37
38,38
39,39
39,40
51,41
42,42
38,43
38,44
39,45
38,46
38,47
38,48
51,49
38,50
51,51
53,52
53,53
51,54
51,55
51,56
53,57
58,58
59,59
39,0
38,1
39,2
38,3
38,4
34,5
6,6
7,7
8,8
39,9
39,10
39,11
38,12
38,13
39,14
38,15
38,16
38,17
39,18
38,19
39,20
38,21
39,22
23,23
38,24
26,25
26,26
38,27
39,28
39,29
39,30
39,31
39,32
39,33
34,34
39,35
38,36
39,37
38,38
39,39
38,40
50,41
42,42
39,43
39,44
38,45
38,46
38,47
38,48
51,49
50,50
51,51
53,52
53,53
59,54
51,55
53,56
53,57
59,58
59,59
39,0
38,1
39,2
38,3
38,4
34,5
39,6
7,7
8,8
39,9
39,10
39,11
38,12
34,13
34,14
38,15
38,16
39,17
38,18
38,19
8,20
8,21
39,22
26,23
38,24
26,25
26,26
38,27
39,28
39,29
30,30
30,31
39,32
39,33
34,34
39,35
38,36
38,37
39,38
39,39
39,40
38,41
42,42
38,43
39,44
39,45
38,46
38,47
39,48
51,49
50,50
51,51
53,52
53,53
52,54
51,55
51,56
53,57
58,58
59,59
38,0
39,1
39,2
38,3
39,4
34,5
6,6
7,7
8,8
39,9
39,10
39,11
39,12
34,13
30,14
39,15
39,16
38,17
38,18
38,19
39,20
38,21
39,22
34,23
39,24
26,25
26,26
39,27
39,28
39,29
39,30
39,31
39,32
39,33
34,34
39,35
38,36
38,37
39,38
39,39
38,40
50,41
42,42
39,43
38,44
39,45
38,46
38,47
38,48
51,49
50,50
51,51
53,52
53,53
51,54
51,55
51,56
51,57
58,58
59,59
39,0
39,1
39,2
38,3
39,4
34,5
51,6
7,7
8,8
39,9
39,10
39,11
38,12
38,13
38,14
38,15
39,16
38,17
38,18
38,19
39,20
8,21
38,22
23,23
38,24
26,25
26,26
38,27
39,28
39,29
39,30
39,31
39,32
38,33
34,34
39,35
38,36
38,37
38,38
39,39
38,40
38,41
42,42
39,43
39,44
38,45
38,46
38,47
38,48
51,49
51,50
51,51
53,52
53,53
38,54
39,55
51,56
53,57
59,58
59,59
38,0
38,1
39,2
38,3
39,4
34,5
6,6
7,7
8,8
38,9
39,10
39,11
38,12
38,13
34,14
39,15
39,16
39,17
38,18
38,19
39,20
38,21
6,22
34,23
39,24
26,25
26,26
38,27
38,28
38,29
39,30
39,31
39,32
38,33
34,34
39,35
38,36
38,37
39,38
39,39
38,40
39,41
42,42
39,43
38,44
39,45
38,46
38,47
38,48
51,49
50,50
51,51
53,52
53,53
51,54
51,55
51,56
51,57
59,58
59,59
39,0
39,1
39,2
38,3
39,4
34,5
51,6
7,7
8,8
39,9
39,10
38,11
38,12
30,13
6,14
38,15
39,16
38,17
39,18
39,19
39,20
38,21
39,22
38,23
39,24
38,25
26,26
38,27
39,28
39,29
39,30
39,31
39,32
39,33
34,34
39,35
39,36
38,37
38,38
39,39
38,40
38,41
42,42
39,43
38,44
38,45
38,46
38,47
38,48
51,49
51,50
51,51
53,52
53,53
59,54
39,55
51,56
53,57
59,58
59,59
39,0
38,1
39,2
38,3
39,4
34,5
6,6
7,7
8,8
38,9
39,10
39,11
38,12
34,13
34,14
39,15
39,16
38,17
38,18
38,19
39,20
38,21
39,22
23,23
39,24
26,25
26,26
39,27
39,28
39,29
39,30
39,31
39,32
39,33
34,34
39,35
38,36
39,37
38,38
39,39
38,40
51,41
42,42
39,43
38,44
39,45
38,46
38,47
38,48
51,49
50,50
51,51
53,52
53,53
38,54
51,55
51,56
53,57
58,58
59,59
39,0
39,1
38,2
38,3
39,4
34,5
38,6
7,7
8,8
39,9
39,10
39,11
38,12
34,13
38,14
38,15
39,16
38,17
38,18
38,19
39,20
8,21
30,22
23,23
39,24
38,25
26,26
39,27
39,28
39,29
39,30
53,31
39,32
39,33
34,34
39,35
39,36
39,37
39,38
39,39
38,40
38,41
42,42
39,43
39,44
39,45
39,46
38,47
38,48
51,49
51,50
51,51
53,52
53,53
38,54
51,55
51,56
53,57
59,58
59,59
39,0
39,1
39,2
38,3
38,4
39,5
6,6
7,7
8,8
39,9
39,10
39,11
39,12
38,13
30,14
39,15
38,16
38,17
39,18
38,19
39,20
8,21
38,22
38,23
39,24
26,25
26,26
39,27
39,28
39,29
39,30
39,31
39,32
38,33
34,34
53,35
53,36
37,37
39,38
39,39
38,40
50,41
42,42
53,43
53,44
53,45
38,46
34,47
38,48
51,49
53,50
51,51
53,52
53,53
51,54
53,55
51,56
53,57
59,58
59,59
39,0
38,1
38,2
38,3
38,4
34,5
51,6
7,7
8,8
38,9
38,10
39,11
39,12
38,13
38,14
34,15
38,16
38,17
39,18
39,19
39,20
6,21
39,22
51,23
38,24
26,25
26,26
39,27
39,28
39,29
39,30
39,31
39,32
39,33
34,34
39,35
38,36
38,37
38,38
39,39
38,40
51,41
42,42
39,43
39,44
39,45
38,46
38,47
38,48
51,49
51,50
51,51
53,52
53,53
51,54
53,55
51,56
51,57
59,58
59,59
39,0
39,1
39,2
38,3
39,4
34,5
6,6
7,7
8,8
39,9
39,10
39,11
38,13
38,14
39,15
38,16
39,17
38,18
39,19
39,20
8,21
39,22
23,23
39,24
26,25
26,26
39,27
39,28
39,29
39,30
39,31
39,32
38,33
34,34
39,35
38,36
38,37
39,38
39,39
38,40
38,41
42,42
39,43
38,44
39,45
39,46
38,47
38,48
49,49
50,50
51,51
53,52
53,53
59,54
53,55
51,56
53,57
58,58
59,59
39,0
39,1
39,2
38,3
39,4
34,5
51,6
7,7
8,8
38,9
39,10
39,11
39,12
38,13
38,14
39,15
39,16
38,17
39,18
39,19
39,20
6,21
39,22
38,23
38,24
26,25
26,26
38,27
39,28
39,29
39,30
39,31
39,32
38,33
34,34
39,35
39,36
38,37
39,38
39,39
38,40
51,41
42,42
39,43
38,44
39,45
38,46
38,47
38,48
51,49
50,50
51,51
53,52
53,53
51,54
53,55
51,56
53,57
59,58
59,59
39,0
39,1
38,2
38,3
39,4
34,5
6,6
7,7
8,8
39,9
39,10
39,11
39,12
8,13
38,14
39,15
38,16
38,17
39,18
38,19
39,20
8,21
38,22
23,23
39,24
26,25
26,26
39,27
39,28
39,29
39,30
39,31
39,32
39,33
34,34
53,35
53,36
38,37
39,38
39,39
39,40
34,41
42,42
39,43
53,44
38,45
39,46
34,47
38,48
51,49
53,50
51,51
53,52
53,53
51,54
53,55
53,56
53,57
58,58
59,59
39,0
38,1
38,2
38,3
38,4
34,5
6,6
7,7
8,8
38,9
39,10
39,11
39,12
30,13
38,14
38,15
39,16
39,17
39,18
38,19
38,20
38,21
38,22
38,23
39,24
38,25
26,26
38,27
39,28
39,29
39,30
39,31
39,32
39,33
34,34
39,35
39,36
39,37
39,38
39,39
38,40
51,41
42,42
38,43
39,44
39,45
39,46
38,47
38,48
51,49
51,50
51,51
53,52
53,53
51,54
53,55
51,56
51,57
58,58
59,59
38,0
39,1
38,2
38,3
39,4
34,5
39,6
7,7
8,8
38,9
38,10
39,11
39,12
34,13
6,14
26,15
39,16
38,17
38,18
38,19
39,20
6,21
6,22
23,23
51,24
26,25
26,26
38,27
39,28
38,29
30,30
38,31
39,32
38,33
34,34
38,35
38,36
38,37
38,38
39,39
38,40
38,41
42,42
38,43
38,44
39,45
38,46
38,47
38,48
51,49
59,50
51,51
52,52
53,53
59,54
53,55
51,56
53,57
59,58
59,59
38,0
39,1
38,2
38,3
39,4
34,5
51,6
7,7
8,8
38,9
39,10
39,11
38,12
38,13
38,14
39,15
39,16
38,17
38,18
38,19
39,20
30,21
38,22
38,23
39,24
26,25
26,26
39,27
39,28
39,29
39,30
39,31
39,32
38,33
34,34
39,35
38,36
38,37
38,38
39,39
38,40
59,41
42,42
38,43
39,44
38,45
38,46
38,47
38,48
51,49
50,50
51,51
53,52
53,53
59,54
51,55
59,56
53,57
59,58
59,59
39,0
38,1
38,2
38,3
39,4
34,5
6,6
7,7
8,8
39,9
39,10
38,11
39,12
34,13
38,14
7,15
39,16
38,17
38,18
38,19
39,20
30,21
6,22
38,23
39,24
26,25
38,26
38,27
38,28
38,29
39,30
38,31
38,32
38,33
34,34
39,35
38,36
38,37
38,38
39,39
38,40
38,41
42,42
38,43
38,44
39,45
39,46
38,47
38,48
49,49
53,50
51,51
53,52
53,53
59,54
53,55
39,56
53,57
58,58
59,59
38,0
39,1
38,2
38,3
38,4
34,5
38,6
26,7
8,8
38,9
38,10
39,11
38,12
34,13
34,14
39,15
38,16
39,17
38,18
38,19
39,20
38,21
38,22
38,23
39,24
26,25
26,26
38,27
39,28
38,29
39,30
39,31
38,32
38,33
34,34
39,35
38,36
39,37
38,38
39,39
38,40
38,41
42,42
38,43
38,44
38,45
38,46
38,47
38,48
51,49
51,50
51,51
52,52
53,53
51,54
53,55
59,56
53,57
58,58
59,59
39,0
39,1
38,2
38,3
39,4
26,5
51,6
7,7
8,8
38,9
38,10
39,11
39,12
34,13
6,14
34,15
39,16
38,17
38,18
38,19
38,20
6,21
6,22
51,23
39,24
26,25
38,26
38,27
39,28
39,29
30,30
39,31
39,32
38,33
34,34
39,35
38,36
38,37
38,38
39,39
38,40
38,41
42,42
38,43
38,44
38,45
39,46
40,47
38,48
51,49
59,50
51,51
53,52
53,53
59,54
53,55
53,56
53,57
58,58
59,59
38,0
38,1
38,2
38,3
39,4
34,5
6,6
7,7
8,8
38,9
38,10
39,11
39,12
34,13
38,14
38,15
39,16
38,17
38,18
38,19
39,20
30,21
38,22
6,23
38,24
26,25
26,26
39,27
39,28
39,29
39,30
38,31
39,32
38,33
34,34
39,35
38,36
38,37
38,38
39,39
38,40
38,41
42,42
38,43
38,44
39,45
38,46
38,47
38,48
51,49
50,50
51,51
53,52
53,53
51,54
53,55
59,56
53,57
58,58
59,59
39,0
39,1
38,2
38,3
39,4
39,5
30,6
7,7
8,8
38,9
39,10
39,11
39,12
30,13
6,14
34,15
34,16
39,17
39,18
38,19
39,20
39,21
39,22
38,23
39,24
38,25
26,26
38,27
39,28
39,29
39,30
39,31
39,32
39,33
34,34
39,35
39,36
38,37
39,38
39,39
38,40
51,41
42,42
39,43
38,44
38,45
38,46
38,47
38,48
51,49
50,50
51,51
53,52
53,53
38,54
53,55
51,56
53,57
38,58
59,59
39,0
38,1
39,2
38,3
39,4
39,5
39,6
7,7
8,8
39,9
39,10
39,11
39,12
6,13
38,14
34,15
38,16
38,17
39,18
39,19
39,20
39,21
39,22
50,23
53,24
26,25
26,26
38,27
53,28
53,29
53,30
53,31
39,32
53,33
34,34
53,35
38,36
38,37
39,38
39,39
38,40
59,41
42,42
39,43
44,44
53,45
53,46
34,47
8,48
51,49
50,50
51,51
53,52
53,53
51,54
53,55
51,56
53,57
59,58
59,59
39,0
39,1
39,2
38,3
39,4
34,5
30,6
8,8
38,9
39,10
39,11
39,12
34,13
39,14
34,15
34,16
39,17
39,18
39,19
39,20
38,21
39,22
38,23
39,24
38,25
26,26
38,27
38,28
39,29
39,30
39,31
39,32
39,33
34,34
39,35
39,36
38,37
39,38
39,39
38,40
38,41
42,42
39,43
38,44
38,45
38,46
38,47
38,48
49,49
51,50
51,51
53,52
53,53
38,54
53,55
51,56
53,57
58,58
59,59
39,0
39,1
39,2
38,3
39,4
34,5
30,6
7,7
8,8
39,9
38,10
39,11
39,12
6,13
34,14
34,15
38,16
38,17
39,18
39,19
39,20
39,21
39,22
38,23
39,24
38,25
26,26
39,27
39,28
39,29
39,30
39,31
39,32
39,33
34,34
39,35
39,36
38,37
39,38
39,39
39,40
38,41
42,42
39,43
38,44
38,45
38,46
38,47
38,48
53,49
50,50
51,51
53,52
53,53
39,54
53,55
51,56
53,57
59,58
59,59
39,0
39,1
38,2
38,3
39,4
34,5
30,6
7,7
8,8
38,9
39,10
39,11
39,12
6,13
38,14
34,15
34,16
39,17
39,18
39,19
39,20
39,21
39,22
38,23
39,24
38,25
26,26
38,27
39,28
39,29
39,30
39,31
39,32
39,33
34,34
39,35
38,36
38,37
39,38
39,39
38,40
51,41
42,42
39,43
38,44
38,45
38,46
34,47
38,48
59,49
50,50
51,51
53,52
53,53
39,54
53,55
51,56
53,57
58,58
59,59
39,0
38,1
39,2
38,3
39,4
39,5
39,6
8,8
39,9
39,10
39,11
39,12
34,13
38,14
6,15
38,16
39,17
39,18
39,19
39,20
8,21
39,22
38,23
39,24
38,25
26,26
38,27
39,28
39,29
39,30
39,31
39,32
39,33
34,34
39,35
39,36
39,37
39,38
39,39
39,40
59,41
42,42
39,43
38,44
38,45
39,46
34,47
38,48
53,49
53,50
51,51
53,52
53,53
39,54
53,55
53,56
53,57
59,58
59,59
38,0
39,1
39,2
38,3
39,4
39,5
39,6
42,7
8,8
53,9
53,10
53,11
38,12
6,13
34,14
34,15
34,16
38,17
38,18
38,19
39,20
38,21
39,22
38,23
39,24
26,25
26,26
39,27
39,28
39,29
39,30
39,31
39,32
39,33
34,34
39,35
38,36
38,37
39,38
39,39
38,40
38,41
42,42
39,43
38,44
38,45
39,46
51,47
38,48
51,49
59,50
51,51
53,52
53,53
51,54
53,55
51,56
53,57
59,58
59,59
39,0
39,1
39,2
38,3
4,4
39,5
51,6
42,7
8,8
39,9
39,10
39,11
39,12
38,13
38,14
38,15
38,16
39,17
38,18
38,19
39,20
39,21
30,22
59,23
53,24
26,25
26,26
38,27
59,28
53,29
53,30
53,31
53,32
53,33
34,34
53,35
53,36
53,37
39,38
39,39
38,40
59,41
59,42
38,43
53,44
53,45
38,46
40,47
38,48
51,49
59,50
51,51
53,52
53,53
59,54
53,55
51,56
53,57
59,58
59,59
39,0
38,1
39,2
38,3
39,4
39,5
39,6
7,7
8,8
39,9
39,10
39,11
39,12
34,13
30,14
26,15
38,16
38,17
38,18
38,19
39,20
38,21
39,22
38,23
39,24
26,25
26,26
39,27
39,28
39,29
39,30
39,31
39,32
39,33
34,34
39,35
38,36
38,37
39,38
39,39
38,40
51,41
42,42
39,43
38,44
38,45
39,46
34,47
38,48
49,49
51,50
51,51
53,52
53,53
38,54
53,55
59,56
53,57
58,58
59,59
39,0
39,1
39,2
38,3
38,4
34,5
51,6
38,7
8,8
39,9
39,10
39,11
39,12
38,13
30,14
38,15
38,16
39,17
39,18
38,19
38,20
39,21
30,22
23,23
38,24
26,25
26,26
38,27
39,28
38,29
39,30
39,31
39,32
39,33
34,34
39,35
39,36
38,37
39,38
39,39
38,40
51,41
42,42
39,43
39,44
38,45
39,46
38,47
38,48
38,49
50,50
59,51
53,52
53,53
59,54
53,55
51,56
53,57
58,58
58,59
39,0
39,1
39,2
38,3
39,4
39,5
39,6
7,7
8,8
39,9
39,10
39,11
38,12
38,13
38,14
38,15
38,16
38,17
39,18
38,19
39,20
38,21
30,22
34,23
39,24
26,25
26,26
39,27
39,28
39,29
39,30
39,31
39,32
39,33
34,34
39,35
39,36
38,37
39,38
39,39
38,40
38,41
42,42
38,43
38,44
38,45
39,46
38,47
38,48
51,49
59,50
51,51
53,52
53,53
38,54
53,55
59,56
53,57
59,58
59,59
39,0
39,1
39,2
38,3
38,4
34,5
51,6
51,7
8,8
39,9
39,10
39,11
39,12
34,13
6,14
38,15
38,16
39,17
38,18
38,19
39,20
39,21
38,22
6,23
39,24
26,25
26,26
39,27
39,28
39,29
39,30
39,31
39,32
39,33
34,34
39,35
39,36
38,37
39,38
39,39
38,40
38,41
42,42
39,43
39,44
39,45
39,46
38,47
38,48
51,49
50,50
59,51
53,52
53,53
54,54
53,55
51,56
53,57
59,58
59,59
39,0
39,1
39,2
38,3
38,4
39,5
51,6
7,7
8,8
39,9
39,10
39,11
39,12
38,13
39,14
26,15
50,16
39,17
39,18
38,19
39,20
38,21
30,22
39,23
39,24
26,25
26,26
39,27
39,28
39,29
39,30
39,31
39,32
39,33
34,34
39,35
39,36
38,37
39,38
39,39
39,40
51,41
42,42
39,43
39,44
38,45
39,46
38,47
38,48
51,49
53,50
51,51
38,52
53,53
38,54
53,55
51,56
53,57
58,58
59,59
39,0
39,1
39,2
38,3
38,4
39,5
39,6
7,7
8,8
39,9
39,10
39,11
38,12
38,13
38,14
38,15
38,16
38,17
38,18
39,19
38,20
38,21
38,22
38,23
39,24
26,25
26,26
39,27
39,28
39,29
39,30
39,31
39,32
39,33
34,34
39,35
38,36
39,37
39,38
39,39
38,40
34,41
42,42
39,43
39,44
38,45
38,46
38,47
38,48
51,49
51,50
51,51
51,52
53,53
51,54
51,55
51,56
53,57
58,58
59,59
39,0
39,1
39,2
38,3
38,4
39,5
39,6
7,7
8,8
39,9
39,10
39,11
39,12
6,13
38,14
38,15
26,16
39,17
39,18
39,19
39,20
38,21
39,22
39,23
39,24
26,25
26,26
39,27
39,28
39,29
39,30
39,31
39,32
39,33
34,34
39,35
39,36
39,37
39,38
39,39
39,40
51,41
42,42
39,43
39,44
38,45
39,46
38,47
38,48
51,49
50,50
51,51
52,52
53,53
51,54
53,55
51,56
53,57
59,58
59,59
39,0
39,1
39,2
38,3
4,4
34,5
38,6
7,7
8,8
39,9
39,10
39,11
39,12
38,13
38,14
38,15
38,16
39,17
39,18
39,19
38,20
38,21
39,22
39,23
39,24
26,25
26,26
39,27
39,28
39,29
39,30
39,31
39,32
39,33
34,34
39,35
39,36
38,37
39,38
39,39
38,40
26,41
42,42
39,43
39,44
38,45
38,46
51,47
38,48
51,49
51,50
51,51
53,52
53,53
51,54
53,55
51,56
53,57
58,58
59,59
39,0
39,1
39,2
38,3
38,4
34,5
51,6
7,7
8,8
39,9
39,10
39,11
39,12
4,13
38,14
38,15
34,16
39,17
39,18
38,19
39,20
38,21
30,22
38,23
39,24
26,25
26,26
39,27
39,28
39,29
39,30
39,31
39,32
39,33
34,34
39,35
39,36
38,37
39,38
39,39
39,40
51,41
42,42
39,43
39,44
39,45
39,46
38,47
38,48
51,49
59,50
51,51
53,52
53,53
39,54
53,55
51,56
53,57
59,58
59,59
39,0
39,1
39,2
38,3
38,4
39,5
51,6
7,7
8,8
39,9
39,10
39,11
39,12
34,13
38,14
38,15
38,16
38,17
39,18
39,19
39,20
38,21
39,22
38,23
39,24
26,25
26,26
38,27
39,28
39,29
39,30
39,31
39,32
39,33
34,34
39,35
39,36
38,37
39,38
39,39
39,40
26,41
42,42
39,43
39,44
39,45
39,46
40,47
38,48
51,49
51,50
51,51
52,52
53,53
51,54
51,55
53,56
53,57
58,58
59,59
39,0
39,1
39,2
38,3
39,4
34,5
6,6
7,7
8,8
39,9
39,10
39,11
39,12
38,13
38,14
26,15
34,16
39,17
39,18
38,19
38,20
38,21
39,22
38,23
38,24
26,25
26,26
38,27
39,28
38,29
39,30
39,31
39,32
39,33
34,34
39,35
39,36
39,37
39,38
39,39
38,40
38,41
42,42
39,43
39,44
39,45
39,46
51,47
38,48
49,49
50,50
51,51
53,52
53,53
38,54
53,55
34,56
53,57
58,58
59,59
39,0
38,1
39,2
38,3
4,4
39,5
38,6
7,7
8,8
39,9
39,10
39,11
39,12
34,13
38,14
38,15
38,16
39,17
39,18
39,19
39,20
39,21
39,22
38,23
39,24
26,25
26,26
39,27
39,28
39,29
39,30
39,31
39,32
39,33
34,34
39,35
39,36
38,37
38,38
39,39
39,40
34,41
42,42
39,43
38,44
39,45
39,46
51,47
39,48
51,49
50,50
51,51
53,52
53,53
59,54
53,55
51,56
53,57
59,58
59,59
39,0
39,1
39,2
38,3
39,4
39,5
6,6
7,7
8,8
39,9
39,10
39,11
39,12
6,13
38,14
26,15
34,16
39,17
39,18
39,19
38,20
38,21
39,22
38,23
38,24
26,25
26,26
38,27
39,28
39,29
39,30
39,31
39,32
39,33
34,34
39,35
39,36
39,37
39,38
39,39
38,40
34,41
42,42
39,43
39,44
39,45
39,46
38,47
38,48
49,49
51,50
51,51
53,52
53,53
38,54
53,55
34,56
53,57
59,58
59,59
39,0
39,1
39,2
38,3
4,4
39,5
38,6
7,7
26,8
39,9
38,10
39,11
39,12
38,13
38,14
38,15
34,16
39,17
39,18
39,19
39,20
39,21
39,22
26,23
39,24
26,25
26,26
38,27
38,28
39,29
39,30
39,31
39,32
39,33
34,34
39,35
39,36
38,37
39,38
39,39
39,40
26,41
42,42
39,43
38,44
38,45
38,46
38,47
39,48
51,49
50,50
51,51
53,52
53,53
59,54
51,55
51,56
53,57
59,58
59,59
39,0
39,1
39,2
38,3
39,4
39,5
6,6
7,7
8,8
39,9
39,10
39,11
39,12
38,13
38,14
38,15
39,16
39,17
39,18
38,19
38,20
38,21
39,22
34,23
38,24
26,25
26,26
38,27
39,28
38,29
39,30
39,31
39,32
39,33
34,34
39,35
38,36
38,37
39,38
39,39
38,40
51,41
42,42
38,43
39,44
38,45
39,46
38,47
38,48
49,49
51,50
51,51
38,52
53,53
59,54
53,55
52,56
53,57
38,58
59,59
39,0
38,1
39,2
38,3
38,4
34,5
39,6
53,7
53,8
53,9
53,10
53,11
53,12
34,13
34,14
38,15
53,16
38,17
59,18
53,19
53,20
53,21
53,22
50,23
53,24
26,25
26,26
53,27
9,28
53,29
38,30
53,31
38,32
38,33
34,34
38,35
38,36
53,37
38,38
39,39
53,40
34,41
42,42
38,43
38,44
53,45
38,46
51,47
53,48
51,49
49,50
51,51
53,52
53,53
59,54
39,55
56,56
53,57
58,58
59,59
39,0
39,1
39,2
38,3
38,4
34,5
39,6
7,7
8,8
39,9
39,10
39,11
39,12
51,13
38,14
38,15
38,16
38,17
38,18
39,19
39,20
39,21
39,22
38,23
38,24
26,25
26,26
38,27
39,28
39,29
39,30
39,31
39,32
39,33
34,34
39,35
39,36
39,37
38,38
39,39
38,40
26,41
42,42
39,43
38,44
38,45
38,46
38,47
38,48
49,49
50,50
51,51
53,52
53,53
38,54
53,55
51,56
53,57
58,58
59,59
39,0
39,1
39,2
38,3
4,4
34,5
39,6
51,7
8,8
39,9
39,10
39,11
39,12
38,13
38,14
39,15
38,16
38,17
39,18
39,19
38,20
39,21
39,22
38,23
38,24
26,25
26,26
38,27
53,28
39,29
39,30
39,31
39,32
39,33
34,34
39,35
39,36
39,37
38,38
39,39
38,40
38,41
42,42
38,43
39,44
39,45
39,46
38,47
38,48
53,49
53,50
51,51
53,52
53,53
59,54
53,55
51,56
53,57
58,58
59,59
39,0
39,1
39,2
38,3
38,4
34,5
6,6
7,7
8,8
39,9
39,10
39,11
39,12
38,13
38,14
39,15
38,16
38,17
39,18
39,19
39,20
39,21
38,22
38,23
39,24
26,25
26,26
38,27
39,28
39,29
39,30
39,31
39,32
39,33
34,34
39,35
39,36
39,37
39,38
39,39
38,40
26,41
42,42
39,43
39,44
38,45
38,46
38,47
38,48
39,49
50,50
51,51
53,52
53,53
39,54
53,55
51,56
53,57
58,58
59,59
39,0
39,1
39,2
38,3
4,4
34,5
51,6
51,7
8,8
39,9
39,10
39,11
39,12
38,13
38,14
38,15
38,16
38,17
39,18
38,19
38,20
39,21
39,22
38,23
38,24
26,25
26,26
38,27
39,28
39,29
39,30
39,31
39,32
39,33
34,34
39,35
39,36
39,37
38,38
39,39
39,40
51,41
42,42
38,43
39,44
38,45
39,46
38,47
38,48
53,49
53,50
51,51
53,52
53,53
38,54
53,55
51,56
53,57
59,58
59,59
39,0
39,1
39,2
38,3
34,4
34,5
51,6
7,7
8,8
39,9
39,10
39,11
39,12
6,13
38,14
38,15
38,16
38,17
38,18
39,19
39,20
39,21
39,22
39,23
38,24
26,25
26,26
38,27
39,28
39,29
39,30
39,31
39,32
39,33
34,34
39,35
39,36
39,37
38,38
39,39
38,40
38,41
42,42
39,43
38,44
39,45
38,46
38,47
38,48
51,49
50,50
51,51
53,52
53,53
51,54
53,55
51,56
53,57
59,58
59,59
39,0
39,1
39,2
39,3
39,4
34,5
51,6
51,7
8,8
39,9
39,10
39,11
38,12
38,13
34,14
30,15
38,16
38,17
39,18
39,19
39,20
39,21
38,22
38,23
38,24
26,25
26,26
39,27
39,28
39,29
39,30
39,31
39,32
39,33
34,34
39,35
38,36
39,37
39,38
39,39
39,40
38,41
42,42
39,43
39,44
38,45
39,46
38,47
38,48
51,49
51,50
51,51
53,52
53,53
51,54
51,55
53,56
53,57
58,58
59,59
39,0
39,1
39,2
38,3
38,4
34,5
6,6
42,7
8,8
39,9
39,10
39,11
39,12
34,13
38,14
38,15
38,16
39,17
39,18
39,19
39,20
38,21
39,22
26,23
38,24
26,25
26,26
38,27
39,28
39,29
39,30
39,31
39,32
39,33
34,34
39,35
38,36
38,37
39,38
39,39
38,40
59,41
42,42
39,43
39,44
39,45
39,46
44,47
38,48
51,49
50,50
51,51
53,52
53,53
51,54
51,55
51,56
53,57
58,58
59,59
39,0
39,1
39,2
38,3
38,4
39,5
6,6
42,7
8,8
39,9
39,10
39,11
39,12
34,13
39,14
38,15
30,16
39,17
39,18
39,19
39,20
38,21
39,22
38,23
38,24
26,25
26,26
39,27
39,28
39,29
39,30
39,31
39,32
39,33
34,34
39,35
39,36
39,37
39,38
39,39
39,40
34,41
42,42
39,43
39,44
39,45
39,46
38,47
38,48
49,49
50,50
51,51
53,52
53,53
59,54
53,55
34,56
53,57
59,58
59,59
39,0
39,1
39,2
38,3
6,6
7,7
8,8
39,9
38,10
39,11
38,12
34,13
39,14
40,15
38,16
38,17
39,18
39,19
39,20
38,21
39,22
26,23
38,24
26,25
26,26
39,27
39,28
39,29
39,30
39,31
39,32
39,33
34,34
39,35
38,36
39,37
39,38
39,39
38,40
59,41
42,42
39,43
39,44
39,45
39,46
38,47
38,48
51,49
50,50
51,51
39,52
53,53
38,54
51,55
51,56
53,57
59,58
59,59
39,0
39,1
39,2
38,3
4,4
39,5
43,6
42,7
8,8
39,9
39,10
39,11
38,12
6,13
39,14
34,15
38,16
39,17
39,18
39,19
39,20
38,21
39,22
38,23
38,24
26,25
26,26
39,27
39,28
39,29
30,30
39,31
39,32
39,33
34,34
39,35
38,36
39,37
39,38
39,39
39,40
34,41
42,42
39,43
39,44
39,45
39,46
38,47
39,48
50,49
50,50
51,51
53,52
53,53
51,54
51,55
51,56
53,57
59,58
59,59
39,0
39,1
39,2
38,3
38,4
34,5
6,6
42,7
8,8
38,9
38,10
39,11
39,12
38,13
38,14
34,15
38,16
39,17
39,18
39,19
39,20
38,21
39,22
26,23
38,24
26,25
26,26
38,27
39,28
39,29
39,30
39,31
39,32
39,33
34,34
39,35
38,36
39,37
39,38
39,39
38,40
26,41
42,42
38,43
39,44
39,45
39,46
44,47
38,48
51,49
51,50
51,51
39,52
53,53
38,54
51,55
59,56
53,57
59,58
59,59
39,0
39,1
38,2
38,3
38,4
39,5
51,6
42,7
39,10
39,11
39,12
38,13
38,14
34,15
38,16
39,17
39,18
39,19
38,20
38,21
38,22
38,23
26,25
26,26
38,27
39,28
39,29
39,30
39,31
39,32
39,33
34,34
39,35
38,36
38,37
39,38
39,39
39,40
38,41
42,42
39,43
39,44
39,45
38,46
38,47
39,48
49,49
51,50
51,51
51,52
53,53
59,54
53,55
59,56
53,57
59,58
59,59
39,0
39,1
39,2
38,3
38,4
34,5
51,6
7,7
8,8
39,9
39,10
39,11
38,12
51,13
30,14
39,15
38,16
39,17
39,18
39,19
39,20
38,21
39,22
39,23
39,24
26,25
26,26
38,27
39,28
39,29
39,30
39,31
39,32
39,33
34,34
39,35
39,36
38,37
38,38
39,39
38,40
34,41
42,42
39,43
39,44
39,45
38,46
44,47
38,48
49,49
50,50
39,51
53,52
53,53
51,54
53,55
51,56
53,57
58,58
59,59
39,0
39,1
39,2
38,3
38,4
39,5
6,6
42,7
8,8
39,9
38,10
39,11
39,12
39,13
39,14
34,15
53,16
39,17
38,18
39,19
39,20
38,21
39,22
38,23
39,24
26,25
38,26
39,27
38,28
39,29
39,30
39,31
39,32
39,33
34,34
39,35
39,36
39,37
38,38
39,39
39,40
26,41
42,42
39,43
39,44
38,45
39,46
40,47
38,48
53,49
53,50
51,51
53,52
53,53
51,54
53,55
51,56
53,57
58,58
59,59
39,0
39,1
39,2
38,3
38,4
34,5
51,6
7,7
8,8
39,9
39,10
39,11
53,12
39,13
6,14
39,15
39,16
39,17
39,18
39,19
39,20
38,21
39,22
39,23
39,24
26,25
26,26
38,27
39,28
38,29
39,30
39,31
39,32
39,33
34,34
39,35
39,36
39,37
39,38
39,39
38,40
34,41
42,42
38,43
39,44
38,45
39,46
38,47
38,48
49,49
50,50
51,51
53,52
53,53
39,54
51,55
59,56
53,57
50,58
59,59
39,0
39,1
39,2
39,3
38,4
34,5
38,6
42,7
8,8
39,9
38,10
39,11
38,12
6,13
38,14
34,15
39,16
38,17
38,18
38,19
39,20
38,21
39,22
38,23
53,24
26,25
26,26
39,27
38,28
39,29
39,30
39,31
39,32
39,33
34,34
39,35
39,36
39,37
39,38
39,39
39,40
51,41
42,42
39,43
39,44
38,45
39,46
38,47
38,48
53,49
50,50
51,51
53,52
53,53
49,54
53,55
53,56
53,57
59,58
59,59
39,0
39,2
39,4
34,5
51,6
7,7
8,8
39,9
39,10
39,11
39,12
6,13
38,14
39,15
39,16
39,17
39,18
39,19
39,20
38,21
53,22
38,23
38,24
26,25
26,26
38,27
39,28
39,29
39,30
39,31
39,32
39,33
34,34
39,35
39,36
39,37
39,38
39,39
38,40
34,41
42,42
38,43
39,44
39,45
38,46
44,47
30,48
59,49
50,50
51,51
51,52
53,53
51,54
53,55
51,56
53,57
59,58
59,59
39,0
38,1
39,2
39,3
38,4
34,5
6,6
51,7
8,8
39,9
39,10
39,11
39,12
30,13
30,14
34,15
39,16
39,17
38,18
39,19
39,20
30,21
38,22
38,23
39,24
26,25
26,26
39,27
38,28
39,29
39,30
39,31
39,32
39,33
34,34
39,35
39,36
38,37
38,38
39,39
39,40
26,41
42,42
39,43
39,44
39,45
39,46
40,47
38,48
49,49
53,50
51,51
53,52
53,53
51,54
51,55
53,56
53,57
59,58
59,59
39,0
39,1
39,2
38,3
38,4
34,5
6,6
7,7
8,8
39,9
39,10
39,11
39,12
6,13
39,14
38,15
38,16
39,17
38,18
38,19
38,20
38,21
39,22
38,23
38,24
26,25
26,26
38,27
38,28
39,29
39,30
39,31
39,32
39,33
34,34
39,35
39,36
38,37
38,38
39,39
38,40
34,41
42,42
39,43
38,44
39,45
38,46
38,47
38,48
51,49
59,50
51,51
53,52
53,53
51,54
53,55
51,56
53,57
59,58
59,59
39,0
39,1
39,2
38,3
39,4
34,5
51,6
7,7
8,8
39,9
39,10
39,11
39,12
6,13
38,14
34,15
38,16
39,17
39,18
38,19
39,20
38,21
30,22
38,23
38,24
26,25
26,26
39,27
39,28
39,29
39,30
39,31
39,32
39,33
34,34
39,35
38,36
39,37
38,38
39,39
39,40
38,41
42,42
38,43
38,44
38,45
39,46
38,47
38,48
49,49
50,50
51,51
53,52
53,53
38,54
51,55
51,56
53,57
59,58
59,59
39,0
38,1
39,2
38,3
38,4
38,5
38,6
7,7
8,8
39,9
39,10
39,11
39,12
30,13
38,14
38,15
30,16
38,17
39,18
39,19
38,20
38,21
39,22
38,23
39,24
26,25
26,26
38,27
39,28
39,29
39,30
39,31
39,32
39,33
34,34
38,35
38,36
38,37
38,38
39,39
38,40
51,41
42,42
39,43
39,44
38,45
39,46
38,47
38,48
53,49
34,50
51,51
53,52
53,53
38,54
53,55
51,56
53,57
58,58
59,59
39,0
39,1
39,2
38,3
39,4
34,5
59,6
7,7
8,8
39,9
39,10
39,11
38,12
34,13
38,14
38,15
38,16
39,17
39,18
38,19
39,20
38,21
30,22
38,23
38,24
26,25
26,26
38,27
38,28
39,29
38,30
39,31
39,32
38,33
34,34
39,35
38,36
39,37
38,38
38,39
39,40
26,41
42,42
38,43
38,44
39,45
39,46
38,47
38,48
51,49
50,50
53,51
53,52
53,53
38,54
51,55
51,56
53,57
58,58
59,59
38,0
39,1
38,2
39,3
38,4
39,5
6,6
7,7
38,9
38,10
39,11
38,12
34,13
38,14
39,23
26,26
38,29
38,30
38,31
38,32
38,33
34,34
38,35
38,36
39,37
39,38
38,39
38,40
34,41
42,42
39,43
38,44
39,45
39,46
38,47
38,48
51,49
50,50
51,51
7,52
53,53
38,54
53,55
51,56
53,57
59,58
59,59
39,0
39,1
38,3
39,4
34,5
51,6
7,7
8,8
39,9
39,10
39,11
39,12
34,13
38,14
38,15
38,16
38,17
39,18
39,19
39,20
39,21
39,22
34,23
38,24
38,25
26,26
38,27
38,28
39,29
39,30
38,31
38,32
38,33
34,34
39,35
38,36
39,37
39,38
39,39
39,40
38,41
42,42
38,43
38,44
38,45
38,46
38,47
38,48
30,49
39,50
7,51
39,52
39,53
39,54
39,55
39,56
39,57
59,58
59,59
39,0
39,1
39,2
38,3
38,4
39,5
38,6
7,7
8,8
39,9
39,10
39,11
39,12
34,13
38,14
7,15
38,16
39,17
39,18
38,19
39,20
38,21
39,22
38,23
38,24
38,25
26,26
38,27
38,28
39,29
39,30
39,31
39,32
39,33
34,34
39,35
38,36
38,37
38,38
39,39
39,40
38,41
42,42
39,43
38,44
38,45
38,46
40,47
38,48
51,49
50,50
51,51
39,52
53,53
38,54
51,55
51,56
53,57
58,58
59,59
39,0
39,1
39,2
7,3
38,4
39,5
38,6
7,7
38,8
39,9
38,10
39,11
39,12
6,13
38,14
38,15
39,16
38,17
38,18
39,19
39,20
38,21
46,22
38,23
51,24
7,25
26,26
39,27
38,28
39,29
39,30
39,31
39,32
39,33
34,34
39,35
39,36
38,37
38,38
39,39
38,40
38,41
42,42
39,43
39,44
39,45
39,46
40,47
39,48
53,49
51,50
51,51
53,52
53,53
59,54
51,55
53,56
53,57
58,58
59,59
39,1
38,3
38,4
39,5
38,6
7,7
8,8
39,9
39,10
39,11
39,12
38,14
38,15
7,16
39,17
38,18
38,19
38,20
38,21
39,22
26,23
38,24
38,25
26,26
38,27
38,28
39,29
39,30
39,31
39,32
39,33
34,34
39,35
39,36
38,37
39,38
39,39
39,40
38,41
38,42
39,43
38,44
39,45
38,46
38,47
38,48
39,49
39,50
51,51
53,52
53,53
38,54
39,55
51,56
53,57
59,58
59,59
39,0
39,1
39,2
38,3
38,4
34,5
39,6
7,7
38,8
39,9
38,10
39,11
38,12
34,13
51,14
38,15
38,16
38,17
39,18
39,19
39,20
38,21
46,22
39,23
38,24
7,25
26,26
38,27
38,28
39,29
39,30
39,31
39,32
39,33
34,34
39,35
39,36
39,37
39,38
39,39
38,40
38,41
42,42
38,43
38,44
38,45
38,46
38,47
38,48
51,49
51,50
51,51
53,52
53,53
59,54
53,55
53,56
53,57
59,58
59,59
39,0
39,1
39,2
38,3
38,4
34,5
38,6
7,7
8,8
38,9
38,10
39,11
51,12
34,13
38,14
30,15
30,16
38,17
38,18
38,19
38,20
38,21
39,22
59,23
39,24
38,25
26,26
38,27
38,28
39,29
39,30
39,31
39,32
39,33
34,34
39,35
39,36
38,37
39,38
39,39
39,40
38,41
38,42
39,43
38,44
39,45
39,46
40,47
38,48
53,49
50,50
51,51
53,52
53,53
51,54
53,55
53,56
53,57
59,58
59,59
38,0
39,1
39,2
38,3
38,4
39,5
38,6
7,7
38,8
39,9
39,10
39,11
38,12
34,13
38,14
38,15
38,16
39,17
38,18
39,19
39,20
38,21
30,22
38,23
51,24
38,25
26,26
39,27
39,28
39,29
39,30
39,31
39,32
30,33
34,34
39,35
39,36
39,37
38,38
39,39
38,40
38,41
59,42
38,43
39,44
39,45
38,46
40,47
38,48
52,49
51,50
51,51
53,52
53,53
59,54
39,55
53,56
53,57
38,58
59,59
39,0
38,1
39,2
38,3
39,4
34,5
51,6
7,7
8,8
39,9
39,10
39,11
39,12
38,13
34,14
39,15
38,16
38,17
39,18
39,19
39,20
7,21
39,22
59,23
38,24
26,25
26,26
39,27
38,28
39,29
39,30
39,31
39,32
39,33
34,34
39,35
39,36
38,37
39,38
39,39
38,40
38,41
42,42
39,43
38,44
38,45
39,46
40,47
38,48
51,49
50,50
51,51
51,52
53,53
59,54
53,55
51,56
53,57
58,58
59,59
39,0
38,1
39,2
38,3
38,4
39,5
6,6
26,7
8,8
39,9
39,10
39,11
39,12
38,13
34,14
39,15
39,16
38,17
38,18
38,20
8,21
39,22
38,23
38,24
26,25
26,26
38,27
39,28
39,29
39,30
39,31
39,32
39,33
34,34
39,35
39,36
38,37
39,38
39,39
38,40
38,41
42,42
39,43
38,44
38,45
38,46
51,47
38,48
51,49
59,50
51,51
51,52
53,53
38,54
51,55
53,56
53,57
59,58
59,59
38,0
38,1
38,2
38,3
38,4
34,5
6,6
7,7
8,8
38,9
38,10
39,11
39,12
34,13
38,14
39,15
39,16
39,17
39,18
39,19
39,20
38,21
39,22
59,23
38,24
26,25
26,26
38,27
30,28
39,29
39,30
39,31
39,32
39,33
34,34
39,35
39,36
38,37
39,38
39,39
38,40
38,41
42,42
39,43
38,44
38,45
39,46
4,47
38,48
51,49
51,50
51,51
51,52
53,53
38,54
53,55
51,56
53,57
58,58
59,59
39,0
39,1
39,2
38,3
4,4
34,5
51,6
42,7
8,8
39,9
39,10
39,11
39,12
39,13
34,14
38,15
39,16
39,17
39,18
38,19
38,20
38,21
39,22
59,23
38,24
26,25
26,26
38,27
38,28
39,29
30,30
39,31
39,32
39,33
34,34
39,35
39,36
39,37
39,38
39,39
38,40
59,41
42,42
39,43
38,44
39,45
38,46
38,47
38,48
51,49
51,50
51,51
53,52
53,53
51,54
51,55
53,56
53,57
59,58
59,59
39,0
39,1
39,2
38,3
39,4
34,5
51,6
7,7
8,8
39,9
39,10
39,11
39,12
34,13
34,14
39,15
38,16
38,17
39,18
39,19
39,20
7,21
12,22
59,23
38,24
38,25
26,26
39,27
38,28
39,29
39,30
39,31
39,32
39,33
34,34
39,35
39,36
39,37
39,38
39,39
39,40
34,41
42,42
39,43
38,44
38,45
39,46
38,47
38,48
51,49
50,50
51,51
53,52
53,53
51,54
53,55
51,56
53,57
58,58
59,59
39,0
38,1
39,2
38,3
38,4
34,5
26,6
26,7
8,8
38,9
39,10
39,11
39,12
34,13
34,14
39,15
39,16
38,17
38,18
38,19
38,20
30,21
30,22
59,23
38,24
26,25
26,26
38,27
39,28
39,29
39,30
39,31
39,32
39,33
34,34
39,35
39,36
38,37
38,38
39,39
38,40
38,41
39,43
39,44
38,45
39,46
40,47
38,48
59,49
59,50
59,51
59,52
59,53
38,54
59,55
38,56
53,57
58,58
59,59
39,0
39,1
39,2
38,3
38,4
34,5
51,6
7,7
8,8
39,9
39,10
39,11
39,12
34,13
34,14
39,15
39,16
39,17
39,18
38,19
39,20
38,21
39,22
38,23
38,24
26,25
26,26
38,27
39,28
39,29
39,30
39,31
39,32
39,33
34,34
39,35
38,36
39,37
38,38
39,39
38,40
38,41
42,42
38,43
38,44
38,45
39,46
40,47
39,48
51,49
51,50
51,51
51,52
53,53
38,54
51,55
51,56
53,57
58,58
59,59
39,0
39,1
39,2
38,3
38,4
34,5
51,6
42,7
8,8
39,9
39,10
39,11
39,12
34,13
38,14
34,15
34,16
38,17
39,18
38,19
39,20
38,21
30,22
59,23
38,24
38,25
26,26
38,27
39,28
39,29
39,30
39,31
39,32
39,33
34,34
39,35
39,36
39,37
39,38
39,39
38,40
34,41
42,42
38,43
51,44
39,45
38,46
51,47
38,48
51,49
51,50
51,51
51,52
53,53
39,54
51,55
53,56
53,57
59,58
59,59
39,0
39,1
39,2
38,3
38,4
34,5
38,6
7,7
8,8
39,9
39,10
38,11
39,12
34,13
8,14
38,15
30,16
38,17
39,18
38,19
39,20
38,21
39,22
38,23
38,24
38,25
26,26
39,27
39,28
39,29
39,30
39,31
39,32
39,33
34,34
38,35
39,36
39,37
39,38
39,39
38,40
38,41
42,42
38,43
38,44
38,45
39,46
38,47
30,48
49,49
59,50
51,51
51,52
53,53
38,54
53,55
53,56
53,57
59,58
59,59
39,0
39,1
38,2
38,3
4,4
34,5
51,6
42,7
8,8
39,9
39,10
39,11
39,12
34,13
38,14
38,15
39,16
38,17
39,18
38,19
38,20
38,21
38,22
51,23
38,24
26,25
26,26
39,27
38,28
39,29
39,30
39,31
39,32
39,33
34,34
39,35
39,36
39,37
39,38
39,39
38,40
34,41
42,42
39,43
38,44
39,45
39,46
38,47
38,48
53,49
51,50
51,51
53,52
53,53
51,54
59,55
51,56
53,57
58,58
59,59
39,0
39,1
39,2
38,3
38,4
34,5
6,6
7,7
8,8
39,9
38,10
39,11
38,12
34,13
38,14
38,15
39,16
39,17
39,18
39,19
39,20
38,21
39,22
38,23
38,24
26,25
26,26
38,27
39,28
39,29
39,30
39,31
39,32
39,33
34,34
39,35
39,36
38,37
39,38
39,39
38,40
38,41
42,42
38,43
38,44
44,45
39,46
38,47
38,48
51,49
59,50
59,51
59,52
53,53
38,54
51,55
51,56
53,57
59,58
59,59
39,0
39,1
39,2
38,3
53,4
34,5
34,6
26,7
8,8
39,9
39,10
39,11
39,12
34,13
38,14
39,15
34,16
39,17
39,18
38,19
38,20
38,21
38,22
38,23
39,24
26,25
26,26
39,27
39,28
39,29
39,30
39,31
39,32
39,33
34,34
39,35
39,36
38,37
39,38
39,39
38,40
26,41
42,42
39,43
38,44
38,45
39,46
51,47
39,48
53,49
59,50
51,51
53,52
53,53
38,54
38,55
53,56
53,57
58,58
59,59
39,0
39,1
39,2
38,3
38,4
34,5
39,6
7,7
8,8
39,9
39,10
38,11
38,12
6,13
38,14
39,15
38,16
38,17
39,18
38,19
39,20
38,21
39,22
26,23
38,24
26,25
26,26
38,27
39,28
39,29
39,30
39,31
39,32
39,33
34,34
39,35
39,36
39,37
39,38
39,39
38,40
38,41
42,42
38,43
38,44
38,45
39,46
38,47
7,48
53,49
50,50
51,51
51,52
53,53
38,54
53,55
51,56
53,57
58,58
59,59
39,0
39,1
39,2
38,3
39,4
34,5
51,6
7,7
8,8
39,9
39,10
39,11
39,12
34,13
38,14
38,15
38,16
39,17
38,18
39,19
38,20
8,21
39,22
23,23
38,24
26,25
26,26
38,27
39,28
38,29
39,30
39,31
39,32
39,33
34,34
39,35
39,36
39,37
39,38
39,39
38,40
59,41
42,42
38,43
38,44
38,45
38,46
40,47
38,48
49,49
50,50
51,51
59,52
53,53
59,54
51,55
39,56
39,57
59,58
59,59
38,0
38,1
39,2
38,3
38,4
26,5
39,6
7,7
8,8
39,9
39,10
39,11
39,12
34,13
8,14
39,15
39,16
38,17
38,18
38,19
38,20
38,21
39,22
26,23
38,24
26,25
26,26
38,27
39,28
38,29
30,30
39,31
39,32
39,33
34,34
39,35
39,36
38,37
39,38
39,39
38,40
38,41
42,42
38,43
38,44
39,45
39,46
26,47
8,48
51,49
51,50
51,51
53,52
53,53
38,54
53,55
51,56
53,57
58,58
59,59
39,0
39,1
39,2
38,3
38,4
34,5
51,6
7,7
8,8
38,9
39,10
39,11
38,12
38,13
38,14
34,15
38,16
39,17
39,18
39,19
38,20
51,21
30,22
23,23
38,24
26,25
26,26
38,27
39,28
39,29
39,30
39,31
39,32
39,33
34,34
39,35
39,36
39,37
39,38
39,39
38,40
59,41
42,42
38,43
38,44
38,45
39,46
38,47
38,48
51,49
50,50
59,51
51,52
53,53
38,54
51,55
56,56
53,57
59,58
59,59
39,0
38,1
39,2
38,3
38,4
34,5
38,6
7,7
8,8
39,9
39,10
39,11
38,12
34,13
38,14
38,15
38,16
39,17
39,18
39,19
38,20
38,21
39,22
26,23
38,24
26,25
26,26
38,27
39,28
39,29
39,30
39,31
39,32
39,33
34,34
39,35
39,36
39,37
39,38
39,39
39,40
39,41
42,42
38,43
38,44
39,45
39,46
38,47
7,48
53,49
50,50
51,51
53,52
53,53
59,54
53,55
51,56
53,57
58,58
59,59
39,0
39,1
39,2
38,3
39,4
34,5
51,6
42,7
8,8
39,9
39,10
39,11
38,12
38,13
38,14
34,15
39,16
38,17
39,18
39,19
38,20
38,21
39,22
23,23
39,24
26,25
26,26
38,27
39,28
39,29
39,30
39,31
39,32
39,33
34,34
39,35
39,36
39,37
39,38
39,39
38,40
59,41
42,42
38,43
38,44
38,45
39,46
38,47
30,48
51,49
50,50
51,51
53,52
53,53
38,54
51,55
59,56
53,57
58,58
59,59
39,0
39,1
38,2
7,3
39,4
34,5
39,6
42,7
38,8
38,9
38,10
39,11
39,12
6,13
38,14
38,15
38,16
39,17
39,18
38,19
39,20
38,21
39,22
39,23
38,24
26,25
26,26
38,27
39,28
39,29
39,30
39,31
39,32
39,33
34,34
39,35
39,36
38,37
38,38
39,39
38,40
34,41
42,42
38,43
39,44
39,45
39,46
40,47
38,48
49,49
51,50
51,51
51,52
53,53
51,54
51,55
51,56
53,57
58,58
59,59
39,0
39,1
39,2
38,3
38,4
34,5
51,6
7,7
8,8
38,9
39,10
39,11
38,12
6,13
39,14
38,15
38,16
38,17
38,18
39,19
39,20
39,21
39,22
38,23
38,24
26,25
26,26
38,27
39,28
39,29
39,30
39,31
39,32
39,33
34,34
39,35
39,36
39,37
38,38
39,39
39,40
26,41
42,42
39,43
38,44
39,45
39,46
38,47
39,48
59,49
59,50
51,51
53,52
38,53
51,54
53,55
51,56
53,57
59,58
59,59
39,0
39,1
39,2
38,3
38,4
34,5
39,6
38,7
8,8
39,9
39,10
30,11
39,12
39,13
39,14
38,15
39,16
39,17
39,18
38,19
39,20
38,21
39,22
39,23
38,24
26,25
26,26
38,27
39,28
39,29
39,30
39,31
39,32
39,33
34,34
39,35
39,36
38,37
38,38
39,39
38,40
34,41
42,42
38,43
38,44
39,45
39,46
38,47
38,48
49,49
53,50
51,51
53,52
53,53
51,54
51,55
51,56
38,57
59,58
59,59
39,0
39,1
39,2
38,3
38,4
34,5
39,6
7,7
8,8
39,9
39,10
38,11
38,12
6,13
39,14
39,15
38,16
38,17
38,18
39,19
39,20
39,21
39,22
38,23
39,24
26,25
26,26
38,27
39,28
39,29
39,30
39,31
39,32
39,33
34,34
39,35
38,36
38,37
39,38
39,39
39,40
51,41
42,42
38,43
38,44
38,45
39,46
38,47
39,48
51,49
50,50
51,51
53,52
39,53
51,54
53,55
51,56
53,57
59,58
59,59
39,0
39,1
39,2
7,3
4,4
38,5
39,6
7,7
26,8
39,9
38,10
39,11
39,12
6,13
38,14
38,15
38,16
39,17
39,18
38,19
39,20
38,21
39,22
39,23
38,24
26,25
26,26
38,27
39,28
39,29
39,30
39,31
39,32
39,33
34,34
39,35
39,36
38,37
38,38
39,39
38,40
34,41
42,42
38,43
38,44
39,45
38,46
38,47
38,48
49,49
50,50
51,51
53,52
53,53
51,54
51,55
51,56
53,57
58,58
59,59
38,0
39,1
39,2
38,3
38,4
34,5
6,6
7,7
38,8
39,9
39,10
39,11
39,12
34,13
38,14
38,15
38,16
38,17
38,18
39,19
39,20
39,21
39,22
39,23
39,24
26,25
26,26
38,27
39,28
39,29
39,30
39,31
39,32
39,33
34,34
39,35
39,36
38,37
39,38
39,39
39,40
34,41
42,42
39,43
38,44
39,45
38,46
38,47
38,48
51,49
50,50
51,51
53,52
53,53
51,54
53,55
51,56
53,57
59,58
59,59
38,0
38,1
38,2
38,3
38,4
34,5
39,6
7,7
8,8
38,9
38,10
39,11
39,12
38,13
38,14
26,15
38,16
38,17
38,18
38,19
38,20
38,21
30,22
51,23
38,24
26,25
38,26
39,27
39,28
39,29
38,30
39,31
39,32
39,33
34,34
39,35
38,36
38,37
38,38
39,39
38,40
34,41
42,42
38,43
38,44
51,45
38,46
38,47
38,48
49,49
50,50
51,51
51,52
53,53
51,54
53,55
51,56
53,57
59,58
59,59
39,0
39,1
39,2
38,3
4,4
34,5
6,6
7,7
8,8
39,9
39,10
39,11
39,12
34,13
38,14
39,15
34,16
38,17
39,18
38,19
39,20
38,21
30,22
38,23
38,24
26,25
26,26
38,27
39,28
39,29
39,30
30,31
39,32
39,33
34,34
39,35
39,36
39,37
38,38
39,39
38,40
59,41
42,42
39,43
38,44
38,45
39,46
40,47
38,48
51,49
59,50
51,51
53,52
53,53
51,54
53,55
51,56
53,57
59,58
59,59
39,0
38,1
38,2
38,3
38,4
34,5
39,6
7,7
8,8
38,9
39,10
39,11
39,12
34,13
38,14
7,15
38,16
38,17
39,18
39,19
39,20
38,21
39,22
6,23
39,24
26,25
26,26
38,27
39,28
38,29
39,30
39,31
39,32
39,33
34,34
38,35
38,36
39,37
38,38
39,39
38,40
34,41
42,42
38,43
39,44
38,45
39,46
40,47
38,48
37,49
50,50
51,51
51,52
51,53
51,54
53,55
59,56
53,57
58,58
59,59
38,0
39,1
38,2
38,3
4,4
34,5
6,6
7,7
8,8
38,9
38,10
39,11
38,12
34,13
38,14
38,15
38,16
38,17
39,18
38,19
39,20
38,21
30,22
38,23
38,24
26,25
26,26
38,27
39,28
39,29
39,30
39,31
39,32
39,33
34,34
39,35
39,36
38,37
38,38
39,39
38,40
34,41
42,42
39,43
38,44
38,45
38,46
38,47
8,48
53,49
53,50
51,51
53,52
53,53
51,54
53,55
53,56
53,57
58,58
59,59
38,0
39,1
39,2
38,3
4,4
34,5
38,6
7,7
8,8
38,9
38,10
39,11
39,12
34,13
38,14
38,15
38,16
38,17
38,18
38,19
39,20
38,21
30,22
51,23
38,24
26,25
38,26
38,27
39,28
39,29
38,30
39,31
39,32
39,33
34,34
39,35
38,36
38,37
38,38
39,39
38,40
51,41
42,42
38,43
38,44
38,45
38,46
38,47
38,48
49,49
50,50
51,51
59,52
53,53
51,54
53,55
59,56
53,57
59,58
59,59
39,0
38,1
39,2
38,3
38,4
34,5
51,6
7,7
8,8
39,9
38,10
39,11
39,12
34,13
34,14
38,15
38,16
38,17
39,18
38,19
38,20
38,21
39,22
38,23
38,24
38,25
26,26
38,27
39,28
39,29
39,30
30,31
39,32
39,33
34,34
39,35
39,36
38,37
38,38
39,39
38,40
26,41
42,42
38,43
38,44
38,45
39,46
38,47
6,48
6,49
51,50
51,51
39,52
53,53
51,54
53,55
51,56
53,57
59,59
38,0
39,1
39,2
8,3
38,4
34,5
51,6
51,7
8,8
39,9
38,10
39,11
39,12
6,13
6,14
39,15
38,16
38,17
39,18
38,19
38,20
38,21
39,22
38,23
38,24
38,25
26,26
38,27
39,28
38,29
30,30
39,31
39,32
39,33
34,34
39,35
39,36
38,37
39,38
39,39
38,40
34,41
42,42
38,43
39,44
38,45
39,46
38,47
38,48
51,49
59,50
51,51
53,52
53,53
38,54
51,55
51,56
53,57
50,58
59,59
39,0
39,1
39,2
8,3
38,4
34,5
6,6
7,7
8,8
39,9
39,10
39,11
38,12
34,13
34,14
34,15
39,16
38,17
38,18
38,19
38,20
38,21
30,22
38,23
38,24
26,25
26,26
39,27
39,28
39,29
39,30
39,31
39,32
39,33
34,34
39,35
39,36
38,37
38,38
39,39
38,40
38,41
42,42
39,43
38,44
38,45
39,46
38,47
38,48
51,49
59,50
51,51
51,52
53,53
59,54
53,55
56,56
53,57
59,58
59,59
39,0
39,1
38,2
38,3
39,4
34,5
51,6
42,7
8,8
39,9
39,10
39,11
39,12
38,13
40,14
38,15
38,16
38,17
39,18
39,19
38,20
38,21
39,22
39,23
38,24
26,25
26,26
38,27
39,28
39,29
39,30
39,31
39,32
39,33
34,34
38,35
39,36
38,37
39,38
39,39
38,40
34,41
42,42
38,43
38,44
38,45
39,46
38,47
39,48
51,49
59,50
51,51
53,52
53,53
54,54
53,55
51,56
53,57
59,59
38,0
39,1
39,2
8,3
38,4
34,5
51,6
7,7
8,8
39,9
39,10
39,11
39,12
6,13
38,14
34,15
39,16
38,17
39,18
38,19
38,20
38,21
39,22
38,23
39,24
26,25
26,26
38,27
39,28
39,29
39,30
39,31
39,32
39,33
34,34
39,35
39,36
38,37
39,38
39,39
39,40
34,41
42,42
39,43
44,44
38,45
39,46
38,47
38,48
49,49
59,50
51,51
53,52
53,53
59,54
53,55
59,56
53,57
58,58
59,59
39,0
39,1
38,2
8,3
4,4
34,5
51,6
51,7
8,8
39,9
39,10
39,11
38,12
34,13
34,14
39,15
38,16
38,17
39,18
39,19
39,20
38,21
30,22
38,23
38,24
26,25
26,26
38,27
38,28
39,29
39,30
39,31
39,32
39,33
34,34
39,35
39,36
38,37
38,38
39,39
38,40
34,41
42,42
38,43
39,44
38,45
39,46
38,47
39,48
51,49
59,50
51,51
53,52
53,53
59,54
51,55
51,56
53,57
59,58
59,59
39,0
39,1
39,2
38,3
38,4
34,5
39,6
7,7
8,8
39,9
39,10
39,11
39,12
34,13
34,14
38,15
38,16
38,17
39,18
38,19
39,20
39,21
39,22
38,23
39,24
26,25
26,26
39,27
39,28
39,29
39,30
38,31
39,32
39,33
34,34
39,35
39,36
39,37
38,38
39,39
38,40
34,41
42,42
39,43
38,44
38,45
38,46
34,47
38,48
49,49
50,50
51,51
52,52
53,53
38,54
53,55
53,56
53,57
59,58
59,59
39,0
39,1
38,2
38,3
38,4
34,5
51,6
59,7
8,8
38,9
38,10
39,11
39,12
38,13
38,14
34,15
34,16
38,17
38,18
38,19
38,20
38,21
39,22
23,23
38,24
38,25
26,26
38,27
39,28
38,29
39,30
39,31
39,32
39,33
51,34
39,35
38,36
38,37
38,38
39,39
38,40
34,41
42,42
38,43
38,44
38,45
38,46
38,47
38,48
51,49
50,50
51,51
53,52
53,53
59,54
51,55
51,56
53,57
58,58
59,59
38,0
38,1
38,2
38,3
38,4
34,5
51,6
7,7
8,8
38,9
38,10
39,11
39,12
34,13
38,14
34,15
34,16
38,17
39,18
38,19
39,20
38,21
30,22
38,23
39,24
26,25
26,26
38,27
38,28
39,29
30,30
39,31
39,32
39,33
34,34
39,35
38,36
38,37
38,38
39,39
38,40
26,41
42,42
39,43
38,44
38,45
38,46
38,47
8,48
51,49
51,50
51,51
53,52
53,53
34,54
51,55
59,56
53,57
59,58
59,59
39,0
39,1
38,2
38,3
38,4
34,5
38,6
51,7
8,8
38,9
38,10
39,11
39,12
34,13
38,14
34,15
38,16
38,17
38,18
38,19
38,20
38,21
39,22
38,23
38,24
38,25
26,26
39,27
53,28
38,29
39,30
39,31
39,32
39,33
38,34
39,35
38,36
39,37
38,38
39,39
38,40
34,41
42,42
38,43
38,44
38,45
38,46
40,47
38,48
51,49
50,50
51,51
53,52
53,53
38,54
51,55
51,56
53,57
58,58
59,59
38,0
39,1
38,2
38,3
38,4
34,5
38,6
7,7
8,8
38,9
38,10
39,11
39,12
34,13
38,14
34,15
34,16
38,17
39,18
38,19
38,20
38,21
39,22
38,23
38,24
26,25
26,26
38,27
38,28
38,29
39,30
39,31
39,32
39,33
34,34
39,35
39,36
38,37
38,38
39,39
38,40
26,41
42,42
39,43
38,44
38,45
38,46
38,47
8,48
51,49
59,50
51,51
53,52
53,53
38,54
51,55
59,56
53,57
59,58
59,59
38,0
39,1
38,2
38,3
26,4
34,5
51,6
38,7
8,8
38,9
38,10
39,11
38,12
34,13
38,14
34,15
38,16
38,17
38,18
38,19
38,20
38,21
39,22
23,23
38,24
38,25
26,26
38,27
39,28
38,29
38,30
38,31
39,32
39,33
34,34
39,35
39,36
38,37
39,38
39,39
38,40
34,41
42,42
38,43
38,44
38,45
39,46
38,47
38,48
53,49
53,50
51,51
53,52
53,53
38,54
53,55
53,56
53,57
59,58
59,59
38,0
39,1
38,2
38,3
39,4
34,5
51,6
7,7
8,8
38,9
38,10
39,11
38,12
34,13
38,14
34,15
34,16
38,17
39,18
39,19
38,20
38,21
39,22
23,23
38,24
26,25
26,26
38,27
38,28
38,29
39,30
38,31
39,32
38,33
34,34
38,35
38,36
38,37
38,38
39,39
38,40
34,41
42,42
39,43
38,44
38,45
39,46
26,47
38,48
51,49
51,50
51,51
51,52
53,53
59,54
51,55
51,56
53,57
58,58
59,59
38,0
38,1
38,2
38,3
4,4
34,5
6,6
7,7
8,8
39,9
39,10
39,11
39,12
38,13
39,14
34,15
38,16
39,17
39,18
38,19
38,20
38,21
6,22
23,23
38,24
26,25
26,26
38,27
39,28
38,29
39,30
39,31
38,32
39,33
34,34
39,35
38,36
38,37
39,38
39,39
38,40
34,41
42,42
38,43
38,44
39,45
38,46
38,47
38,48
51,49
59,50
51,51
53,52
53,53
38,54
4,55
51,56
53,57
58,58
59,59
39,0
39,1
39,2
38,3
38,4
34,5
51,6
7,7
8,8
39,9
39,10
39,11
39,12
6,13
38,14
26,15
34,16
38,17
39,18
38,19
38,20
38,21
39,22
38,23
38,24
26,25
26,26
38,27
39,28
39,29
39,30
39,31
38,32
38,33
34,34
39,35
38,36
38,37
38,38
39,39
39,40
38,41
42,42
38,43
44,44
38,45
39,46
38,47
38,48
51,49
59,50
51,51
53,52
53,53
59,54
53,55
53,56
51,57
59,58
59,59
39,0
38,1
39,2
38,3
38,4
26,5
34,6
7,7
8,8
39,9
38,10
39,11
38,13
38,14
26,15
38,16
39,17
39,18
39,19
38,20
38,21
30,22
38,23
38,24
26,25
26,26
38,27
39,28
39,29
39,30
39,31
39,32
39,33
34,34
39,35
39,36
39,37
39,38
39,39
38,40
34,41
42,42
38,43
38,44
39,45
38,46
38,47
38,48
51,49
53,50
51,51
53,52
53,53
38,54
38,55
51,56
53,57
59,58
59,59
39,0
38,1
38,2
38,3
38,4
34,5
51,6
7,7
8,8
39,9
39,10
39,11
38,12
38,13
38,14
26,15
34,16
38,17
39,18
38,19
38,20
38,21
39,22
38,23
38,24
26,25
26,26
38,27
39,28
39,29
39,30
39,31
38,32
38,33
34,34
39,35
39,36
38,37
38,38
39,39
39,40
38,41
42,42
38,43
38,44
38,45
39,46
38,47
38,48
51,49
50,50
51,51
53,52
51,53
51,54
53,55
53,56
51,57
59,58
59,59
38,0
38,1
38,2
38,3
4,4
34,5
38,6
7,7
8,8
39,9
38,10
39,11
39,12
38,13
39,14
7,15
38,16
38,17
38,18
38,19
38,20
38,21
30,22
38,23
38,24
26,25
26,26
38,27
38,28
38,29
30,30
39,31
38,32
39,33
34,34
39,35
39,36
38,37
38,38
39,39
38,40
34,41
42,42
38,43
38,44
39,45
39,46
38,47
38,48
51,49
50,50
51,51
53,52
51,53
38,54
51,55
51,56
50,57
59,58
59,59
38,0
39,1
39,2
38,3
38,4
34,5
51,6
7,7
8,8
39,9
39,10
39,11
38,13
38,14
26,15
38,16
39,17
39,18
38,19
38,20
38,21
39,22
38,23
38,24
26,25
26,26
38,27
39,28
39,29
39,30
39,31
39,32
38,33
34,34
39,35
38,36
39,37
38,38
39,39
38,40
38,41
42,42
38,43
38,44
39,45
39,46
38,47
38,48
49,49
53,50
51,51
53,52
53,53
51,54
53,55
53,56
53,57
58,58
59,59
39,0
39,1
39,2
38,3
39,4
34,5
38,6
7,7
8,8
39,9
39,10
38,11
39,12
38,13
38,14
34,15
38,16
38,17
39,18
38,19
39,20
38,21
39,22
38,23
39,24
38,25
26,26
39,27
39,28
39,29
39,30
39,31
39,32
39,33
34,34
39,35
39,36
38,37
39,38
39,39
38,40
38,41
59,42
39,43
38,44
38,45
38,46
38,47
8,48
51,49
51,50
51,51
39,52
51,53
59,54
53,55
53,56
53,57
38,58
59,59
39,0
39,1
39,2
38,3
39,4
39,5
6,6
7,7
8,8
38,9
38,10
39,11
39,12
34,13
38,14
26,15
34,16
38,17
38,18
38,19
39,20
38,21
39,22
38,23
39,24
38,25
26,26
38,27
39,28
39,29
39,30
39,31
39,32
39,33
34,34
39,35
38,36
39,37
38,38
39,39
38,40
59,41
42,42
38,43
38,44
38,45
38,46
38,47
38,48
53,49
50,50
51,51
52,52
53,53
53,54
53,55
53,56
53,57
50,58
59,59
38,0
38,1
39,2
38,3
39,4
34,5
38,6
7,7
8,8
38,9
39,10
39,11
39,12
34,13
38,14
34,15
38,16
39,17
38,18
39,19
39,20
38,21
39,22
38,23
39,24
39,25
26,26
39,27
39,28
39,29
39,30
39,31
39,32
39,33
34,34
39,35
38,36
38,37
39,38
39,39
39,40
38,41
42,42
39,43
39,44
39,45
38,46
34,47
38,48
51,49
51,50
51,51
53,52
53,53
59,54
53,55
53,56
53,57
59,58
59,59
39,0
39,1
39,2
38,3
39,4
34,5
51,6
7,7
8,8
39,9
38,10
39,11
39,12
38,13
38,14
26,15
34,16
38,17
38,18
38,19
39,20
38,21
38,22
39,23
39,24
26,25
26,26
39,27
39,28
39,29
39,30
39,31
39,32
39,33
34,34
39,35
39,36
39,37
38,38
39,39
38,40
38,41
42,42
38,43
38,44
38,45
38,46
38,47
38,48
39,49
50,50
51,51
53,52
53,53
39,54
53,55
53,56
51,57
59,58
59,59
39,0
39,1
39,2
38,3
39,4
34,5
39,6
7,7
8,8
30,9
38,10
39,11
38,12
38,13
38,14
38,15
38,16
38,17
39,18
39,19
38,20
39,21
30,22
23,23
38,24
38,25
26,26
39,27
39,28
39,29
39,30
39,31
39,32
39,33
34,34
39,35
39,36
38,37
38,38
39,39
39,40
38,41
42,42
39,43
51,44
38,45
39,46
38,47
38,48
51,49
51,50
51,51
53,52
53,53
54,54
53,55
51,56
53,57
50,58
59,59
39,0
39,1
38,2
38,3
38,4
39,5
39,6
7,7
26,8
39,10
39,11
53,12
34,13
38,14
26,15
34,16
38,17
39,18
38,19
38,20
38,21
38,22
38,23
39,24
38,25
26,26
38,27
39,28
39,29
39,30
39,31
39,32
39,33
34,34
39,35
38,36
39,37
38,38
39,39
38,40
59,41
42,42
39,43
38,44
39,45
38,46
34,47
38,48
53,49
53,50
51,51
53,52
53,53
38,54
53,55
53,56
53,57
59,58
59,59
39,0
39,1
39,2
38,3
39,4
38,5
6,6
7,7
8,8
39,9
39,10
39,11
39,12
38,13
39,14
38,15
38,16
38,17
38,18
38,19
39,20
8,21
39,22
39,23
39,24
38,25
26,26
38,27
39,28
38,29
39,30
39,31
39,32
39,33
34,34
39,35
38,36
38,37
39,38
39,39
39,40
59,41
39,42
39,43
38,44
39,45
39,46
38,47
38,48
51,49
53,50
39,51
53,52
53,53
38,54
53,55
51,56
53,57
59,58
59,59
39,0
38,1
38,2
38,3
39,4
34,5
6,6
7,7
8,8
39,9
39,10
39,11
39,12
38,13
38,14
38,15
38,16
38,17
39,18
38,19
39,20
38,21
38,22
38,23
39,24
26,25
26,26
38,27
39,28
39,29
39,30
39,31
39,32
39,33
34,34
39,35
38,36
38,37
39,38
39,39
39,40
59,41
42,42
39,43
38,44
39,45
38,46
38,47
38,48
51,49
50,50
51,51
51,52
53,53
51,54
53,55
51,56
53,57
59,58
59,59
39,0
39,1
39,2
38,3
39,4
39,5
38,6
7,7
8,8
38,9
39,10
39,11
38,12
38,13
38,14
39,17
39,18
39,19
39,20
39,21
39,22
39,23
39,24
38,25
26,26
39,27
39,28
39,29
39,30
39,31
39,32
39,33
34,34
39,35
38,36
39,37
39,38
39,39
39,40
59,41
38,42
39,43
38,44
38,45
38,46
39,49
39,50
39,51
39,52
39,53
38,54
51,55
59,56
53,57
58,58
59,59
39,0
39,1
38,2
38,3
39,4
34,5
39,6
7,7
8,8
39,9
39,10
39,11
39,12
38,13
39,14
38,15
38,16
38,17
39,18
38,19
39,20
39,21
38,22
51,23
39,24
26,25
26,26
39,27
39,28
39,29
39,30
39,31
39,32
39,33
34,34
39,35
38,36
38,37
39,38
39,39
39,40
38,41
42,42
38,43
38,44
38,45
38,46
38,47
38,48
59,49
51,50
51,51
53,52
53,53
51,54
53,55
39,56
53,57
59,58
59,59
39,0
39,1
39,2
38,3
39,4
34,5
6,6
7,7
8,8
38,9
39,10
39,11
39,12
38,13
39,14
38,15
38,16
39,17
39,18
38,19
39,20
38,21
39,22
39,23
39,24
26,25
26,26
38,27
39,28
39,29
39,30
39,31
39,32
39,33
34,34
39,35
39,36
39,37
39,38
39,39
39,40
59,41
42,42
39,43
38,44
38,45
38,46
34,47
38,48
51,49
53,50
39,51
53,52
53,53
39,54
53,55
53,56
53,57
59,58
59,59
39,0
38,1
39,2
38,3
39,4
34,5
39,6
7,7
8,8
39,9
39,10
39,11
39,12
8,13
39,14
34,15
38,16
39,17
38,18
38,19
39,20
38,21
38,22
38,23
39,24
38,25
26,26
39,27
39,28
39,29
39,30
39,31
39,32
39,33
34,34
39,35
39,36
39,37
39,38
39,39
38,40
59,41
42,42
39,43
39,44
39,45
39,46
34,47
39,48
53,49
50,50
51,51
53,52
53,53
51,54
53,55
53,56
51,57
58,58
59,59
39,0
38,1
39,2
38,3
38,4
34,5
38,6
7,7
8,8
38,9
39,10
39,11
38,12
38,13
38,14
38,15
39,16
38,17
39,18
38,19
38,20
38,21
39,22
38,23
38,24
38,25
26,26
38,27
38,28
38,29
38,30
38,31
38,32
38,33
34,34
38,35
38,36
38,37
38,38
39,39
38,40
59,41
42,42
38,43
38,44
38,45
38,46
34,47
38,48
51,49
59,50
51,51
38,52
38,53
51,54
51,55
59,56
38,57
58,58
59,59
38,0
38,1
38,2
38,3
38,4
38,5
6,6
7,7
8,8
39,9
38,10
38,11
38,12
38,13
38,14
38,15
38,16
38,17
38,18
38,19
39,20
38,21
38,22
38,23
38,24
26,25
26,26
38,27
39,28
39,29
39,30
39,31
39,32
38,33
34,34
39,35
38,36
38,37
38,38
39,39
38,40
59,41
42,42
38,43
38,44
38,45
38,46
38,47
38,48
51,49
50,50
51,51
51,52
53,53
51,54
53,55
51,56
53,57
58,58
59,59
38,0
38,1
38,2
38,3
38,4
34,5
38,6
51,7
8,8
38,9
38,10
38,11
38,12
38,13
38,14
38,15
38,16
38,17
39,18
38,19
39,20
38,21
38,22
38,23
38,24
26,25
26,26
38,27
38,28
38,29
38,30
39,31
38,32
38,33
34,34
38,35
38,36
38,37
38,38
39,39
38,40
34,41
42,42
38,43
38,44
38,45
38,46
38,47
38,48
49,49
59,50
51,51
53,52
38,53
34,54
38,55
51,56
38,57
59,58
59,59
38,0
38,1
38,2
38,3
38,4
34,5
30,6
7,7
8,8
39,9
39,10
39,11
38,12
38,13
38,14
38,15
39,16
38,17
39,18
38,19
39,20
38,21
39,22
38,23
39,24
38,25
38,26
38,27
39,28
53,30
39,31
39,32
39,33
34,34
39,35
39,36
38,37
38,38
39,39
38,40
38,41
42,42
38,43
38,44
38,45
39,46
38,47
38,48
51,49
50,50
51,51
53,52
51,53
51,54
53,55
51,56
53,57
59,58
59,59
39,0
38,1
39,2
38,3
38,4
34,5
39,6
7,7
8,8
39,9
39,10
38,11
39,12
38,13
38,14
34,15
39,16
38,17
39,18
38,19
39,20
39,21
30,22
38,23
39,24
38,25
51,26
39,27
39,28
38,29
39,30
39,31
39,32
38,33
34,34
39,35
38,36
38,37
38,38
39,39
38,40
38,41
42,42
38,43
38,44
38,45
38,46
51,47
38,48
49,49
51,50
59,51
38,52
51,53
51,54
53,55
59,56
38,57
59,58
59,59
38,0
38,1
38,2
38,3
38,4
34,5
7,7
8,8
38,9
39,11
38,12
38,13
39,14
38,15
39,16
39,17
38,18
38,19
38,20
8,21
38,22
38,23
39,24
26,25
34,26
38,27
39,28
38,29
39,30
39,31
39,32
39,33
34,34
38,35
38,36
38,37
38,38
39,39
38,40
59,41
42,42
38,43
38,44
39,45
38,46
38,47
38,48
53,49
51,50
51,51
53,52
53,53
38,54
53,55
38,56
53,57
59,58
59,59
39,0
39,1
39,2
38,3
39,4
34,5
51,6
7,7
8,8
39,9
39,10
39,11
39,12
38,13
38,14
38,15
38,16
38,17
39,18
38,19
38,20
38,21
39,22
38,23
39,24
38,25
26,26
38,27
39,28
39,29
39,30
39,31
39,32
39,33
34,34
39,35
38,36
38,37
38,38
39,39
38,40
51,41
42,42
39,43
38,44
39,45
39,46
38,47
38,48
38,49
7,50
51,51
38,52
53,53
38,54
51,55
53,56
53,57
59,58
59,59
39,0
39,1
38,2
38,3
39,4
34,5
39,6
7,7
8,8
39,9
39,10
39,11
39,12
6,13
38,14
34,15
26,16
38,17
38,18
39,19
39,20
38,21
38,22
38,23
38,24
38,25
26,26
38,27
39,28
39,29
39,30
39,31
38,32
38,33
34,34
39,35
39,36
39,37
38,38
39,39
38,40
59,41
42,42
38,43
38,44
39,45
38,46
38,47
38,48
53,49
53,50
51,51
51,52
53,53
34,54
53,55
38,56
38,57
38,58
51,59
39,0
38,1
39,2
38,3
39,4
34,5
38,6
7,7
8,8
39,9
39,10
39,11
38,12
38,13
30,14
38,15
38,16
38,17
39,18
38,19
38,20
38,21
39,22
39,23
38,24
38,25
34,26
38,27
39,28
39,29
39,30
39,31
39,32
39,33
34,34
38,35
38,36
38,37
39,38
39,39
39,40
59,41
42,42
39,43
34,44
39,45
38,46
38,47
38,48
51,49
38,50
51,51
38,52
53,53
51,54
38,55
38,56
53,57
59,58
59,59
39,0
39,1
38,2
38,3
39,4
34,5
39,6
7,7
26,8
38,9
39,10
39,11
38,12
6,13
38,14
34,15
34,16
38,17
38,18
39,19
38,20
38,21
38,22
38,23
38,24
38,25
26,26
38,27
39,28
39,29
39,30
39,31
39,32
38,33
34,34
39,35
39,36
39,37
38,38
39,39
38,40
59,41
42,42
39,43
38,44
39,45
39,46
34,47
38,48
53,49
53,50
51,51
51,52
53,53
49,54
38,55
39,56
53,57
59,58
51,59
39,0
39,1
39,2
38,3
39,4
34,5
38,6
7,7
8,8
39,9
39,10
39,11
39,12
6,13
38,14
38,15
38,16
38,17
39,18
38,19
38,20
38,21
39,22
38,23
39,24
38,25
26,26
39,27
39,28
39,29
39,30
39,31
39,32
39,33
34,34
39,35
38,36
38,37
38,38
39,39
39,40
42,41
42,42
39,43
38,44
39,45
39,46
38,47
38,48
51,49
53,50
51,51
51,52
53,53
49,54
51,55
39,56
53,57
59,58
59,59
38,0
38,1
38,2
38,3
39,4
34,5
39,6
7,7
8,8
39,9
38,10
39,11
38,12
38,13
38,14
38,15
26,16
38,17
38,18
38,19
38,20
38,21
38,22
38,23
38,24
34,25
26,26
38,27
39,28
39,29
39,30
39,31
39,32
38,33
34,34
38,35
39,36
39,37
38,38
39,39
38,40
51,41
42,42
39,43
38,44
38,45
39,46
38,47
38,48
53,49
53,50
51,51
51,52
38,53
59,54
38,55
38,56
53,57
59,58
51,59
39,0
39,1
39,2
38,3
38,4
39,5
39,6
7,7
8,8
39,9
39,10
39,11
39,12
30,13
38,14
26,15
26,16
39,17
39,18
38,19
39,20
39,21
39,22
39,23
39,24
26,25
26,26
39,27
39,28
39,29
39,30
39,31
39,32
39,33
34,34
39,35
38,36
38,37
39,38
39,39
39,40
51,41
42,42
39,43
38,44
38,45
39,46
34,47
38,48
51,49
53,50
51,51
39,52
53,53
38,54
53,55
53,56
53,57
59,58
59,59
39,0
39,1
38,2
38,3
38,4
34,5
39,6
7,7
8,8
39,9
39,10
39,11
39,12
38,13
39,14
34,15
26,16
39,17
38,18
38,19
38,20
38,21
38,22
38,23
38,24
38,25
26,26
38,27
39,28
39,29
39,30
39,31
39,32
39,33
34,34
39,35
39,36
38,37
39,38
39,39
39,40
34,41
42,42
39,43
44,44
38,45
38,46
51,47
38,48
51,49
50,50
51,51
39,52
53,53
38,54
53,55
59,56
53,57
59,58
59,59
39,0
38,1
39,4
39,5
39,6
7,7
26,8
39,9
39,10
39,12
38,13
34,14
26,15
26,16
39,17
38,18
38,21
38,22
39,23
39,24
38,25
26,26
38,27
39,28
39,29
30,30
39,31
39,32
39,33
34,34
39,36
38,37
39,38
39,39
39,40
26,41
39,42
39,43
38,44
38,45
38,46
47,47
38,48
51,49
53,50
51,51
53,52
39,53
59,54
53,55
53,56
53,57
58,58
59,59
39,0
39,1
39,2
39,3
38,4
39,5
39,6
7,7
8,8
39,9
39,10
39,11
39,12
34,13
38,14
26,15
26,16
39,17
39,18
39,19
39,20
39,21
38,22
38,23
38,24
38,25
26,26
39,27
39,28
39,29
39,30
39,31
39,32
39,33
34,34
39,35
38,36
39,37
39,38
39,39
39,40
34,41
38,42
39,43
38,44
38,45
38,46
38,47
38,48
49,49
51,50
53,51
39,52
53,53
49,54
53,55
51,56
51,57
58,58
59,59
39,0
39,1
39,2
38,3
39,4
39,5
39,6
7,7
8,8
39,9
39,10
39,11
39,12
38,13
38,14
26,15
26,16
39,17
39,18
38,19
39,20
39,21
39,22
38,23
38,24
26,25
26,26
39,27
39,28
39,29
39,30
39,31
39,32
39,33
34,34
39,35
39,36
38,37
39,38
39,39
39,40
34,41
42,42
39,43
38,44
38,45
39,46
34,47
38,48
49,49
53,50
51,51
53,52
53,53
38,54
53,55
53,56
53,57
58,58
59,59
39,0
39,1
39,2
38,3
38,4
39,5
39,6
7,7
38,8
39,9
39,10
39,11
39,12
34,13
38,14
34,15
34,16
39,17
39,18
39,19
39,20
39,21
39,22
38,23
38,24
26,25
26,26
39,27
39,28
39,29
39,30
39,31
39,32
39,33
34,34
39,35
39,36
39,37
39,38
39,39
39,40
26,41
39,42
39,43
38,44
38,45
38,46
38,47
38,48
53,49
51,50
51,51
39,52
53,53
51,54
51,55
51,56
51,57
58,58
59,59
38,0
39,1
38,2
38,3
39,4
39,5
39,6
7,7
8,8
38,9
39,10
39,11
39,12
38,13
38,14
26,15
26,16
38,17
38,18
34,19
38,20
38,21
38,22
38,23
38,24
26,25
26,26
38,27
39,28
39,29
39,30
39,31
39,32
39,33
34,34
39,35
38,36
38,37
38,38
39,39
38,40
34,41
42,42
38,43
38,44
38,45
38,46
38,47
38,48
49,49
53,50
51,51
53,52
53,53
51,54
51,55
59,56
51,57
59,58
59,59
38,0
39,1
38,2
38,3
39,4
34,5
39,6
7,7
8,8
38,9
39,10
38,11
39,12
38,13
38,14
26,15
26,16
38,17
38,18
38,19
38,20
38,21
38,22
38,23
38,24
26,25
26,26
38,27
39,28
39,29
39,30
39,31
38,32
38,33
34,34
39,35
38,36
38,37
38,38
39,39
38,40
34,41
42,42
38,43
38,44
38,45
38,46
34,47
38,48
51,49
53,50
51,51
53,52
53,53
51,54
53,55
51,56
53,57
59,58
59,59
39,0
39,1
38,2
38,3
39,4
39,5
38,6
7,7
8,8
39,9
39,10
39,11
39,12
38,13
38,14
26,15
26,16
38,17
39,18
38,19
38,20
38,21
38,22
38,23
38,24
26,25
26,26
38,27
39,28
38,29
39,30
39,31
39,32
38,33
34,34
39,35
38,36
38,37
38,38
39,39
38,40
38,41
42,42
38,43
38,44
38,45
39,46
38,47
38,48
49,49
51,50
51,51
53,52
53,53
51,54
59,55
53,56
51,57
58,58
59,59
38,0
39,1
38,2
38,3
39,4
34,5
39,6
7,7
8,8
38,9
39,10
39,11
38,12
34,13
38,14
7,15
7,16
39,17
39,18
38,19
38,20
38,21
38,22
38,23
38,24
26,25
26,26
38,27
39,28
39,29
39,30
39,31
39,32
39,33
34,34
39,35
38,36
38,37
39,38
39,39
38,40
34,41
42,42
38,43
38,44
38,45
38,46
38,47
38,48
51,49
53,50
51,51
53,52
53,53
51,54
53,55
51,56
53,57
59,58
59,59
39,0
39,1
38,2
38,3
39,4
34,5
39,6
7,7
8,8
38,9
38,10
39,11
39,12
34,13
38,14
34,15
26,16
38,17
38,18
38,19
38,20
38,21
38,22
38,23
39,24
26,25
26,26
38,27
39,28
39,29
39,30
39,31
39,32
39,33
34,34
39,35
38,36
38,37
38,38
38,39
34,40
34,41
42,42
38,43
38,44
38,45
38,46
34,47
38,48
49,49
53,50
51,51
53,52
53,53
51,54
51,55
51,56
53,57
59,59
38,0
38,1
38,2
38,3
38,4
34,5
39,6
7,7
8,8
38,9
39,10
39,11
39,12
34,13
38,14
34,15
26,16
38,17
38,18
38,19
38,20
38,21
39,22
38,23
39,24
34,25
26,26
38,27
39,28
39,29
39,30
39,31
38,32
38,33
34,34
39,35
38,36
38,37
38,38
38,39
38,40
38,41
42,42
38,43
38,44
38,45
39,46
34,47
38,48
53,49
53,50
51,51
53,52
53,53
59,54
53,55
53,56
53,57
58,58
59,59
39,0
39,1
38,2
39,3
39,4
34,5
39,6
7,7
8,8
39,9
39,10
39,11
39,12
6,13
38,14
38,15
38,16
38,17
39,18
38,19
38,20
38,21
39,22
38,23
38,24
26,25
26,26
38,27
39,28
39,29
39,30
39,31
39,32
39,33
34,34
39,35
39,36
38,37
38,38
39,39
38,40
38,41
42,42
39,43
39,44
38,45
39,46
34,47
38,48
49,49
51,50
51,51
53,52
53,53
39,54
53,55
51,56
51,57
58,58
59,59
39,0
38,1
38,2
38,3
39,4
34,5
6,6
7,7
8,8
39,9
39,10
38,11
39,12
34,13
38,14
38,15
38,16
38,17
39,18
39,19
39,20
38,21
38,22
38,23
38,24
38,25
26,26
38,27
39,28
39,29
39,30
39,31
39,32
39,33
34,34
39,35
38,36
39,37
38,38
39,39
38,40
38,41
42,42
38,43
39,44
38,45
38,46
38,47
38,48
51,49
59,50
51,51
38,52
53,53
38,54
53,55
39,56
53,57
59,58
59,59
39,0
39,1
39,2
39,3
39,4
34,5
39,6
7,7
8,8
39,9
39,10
39,11
39,12
6,13
38,14
38,15
34,16
39,17
39,18
39,19
39,20
38,21
39,22
38,23
39,24
26,25
26,26
39,27
39,28
39,29
39,30
39,31
39,32
39,33
34,34
39,35
39,36
38,37
39,38
39,39
38,40
39,41
38,42
39,43
38,44
38,45
39,46
38,47
38,48
49,49
50,50
51,51
53,52
39,53
39,54
51,55
59,56
51,57
58,58
59,59
39,0
38,1
38,2
39,3
39,4
34,5
6,6
7,7
8,8
39,9
39,10
39,11
39,12
6,13
38,14
38,15
38,16
38,17
39,18
39,19
39,20
38,21
38,22
38,23
38,24
38,25
26,26
38,27
39,28
39,29
39,30
39,31
39,32
39,33
34,34
39,35
39,36
38,37
38,38
39,39
38,40
38,41
38,42
38,43
39,44
38,45
38,46
38,47
38,48
51,49
50,50
51,51
53,52
53,53
51,54
53,55
53,56
53,57
59,58
59,59
39,0
39,1
39,2
39,3
39,4
34,5
51,6
7,7
8,8
39,9
39,10
39,11
39,12
34,13
38,14
38,15
38,16
39,17
39,18
39,19
39,20
38,21
39,22
38,23
39,24
26,25
26,26
38,27
39,28
39,29
39,30
39,31
39,32
39,33
38,34
39,35
39,36
38,37
38,38
39,39
38,40
38,41
42,42
38,43
38,44
38,45
39,46
34,47
38,48
51,49
51,50
51,51
53,52
53,53
51,54
51,55
51,56
51,57
59,58
59,59
38,0
38,1
38,2
38,3
39,4
34,5
6,6
7,7
8,8
39,9
39,10
38,11
38,12
34,13
38,14
38,15
34,16
39,17
39,18
39,19
39,20
39,21
38,22
38,23
38,24
26,25
26,26
38,27
39,28
39,29
39,30
39,31
39,32
39,33
34,34
39,35
39,36
39,37
38,38
39,39
38,40
38,41
42,42
38,43
38,44
38,45
38,46
38,47
38,48
53,49
53,50
51,51
53,52
53,53
38,54
51,55
53,57
58,58
59,59
39,0
38,1
38,2
38,3
39,4
34,5
6,6
7,7
8,8
39,9
39,10
39,11
39,12
34,13
38,14
40,15
38,16
38,17
38,18
38,19
38,20
38,21
39,22
38,23
38,24
26,25
26,26
38,27
39,28
39,29
39,30
39,31
39,32
39,33
34,34
39,35
38,36
38,37
39,38
39,39
38,40
38,41
42,42
38,43
38,44
38,45
38,46
34,47
38,48
53,49
59,50
59,51
53,52
53,53
38,54
53,55
53,56
53,57
38,58
59,59
39,0
38,1
39,2
38,3
39,4
39,5
51,6
7,7
8,8
39,9
39,10
39,11
39,12
38,13
38,14
38,15
38,16
38,17
39,18
39,19
39,20
38,21
39,22
38,23
38,24
38,25
26,26
38,27
39,28
39,29
39,30
39,31
39,32
39,33
34,34
39,35
38,36
38,37
38,38
39,39
38,40
38,41
39,42
39,43
38,44
38,45
38,46
34,47
38,48
51,49
51,50
51,51
53,52
53,53
51,54
51,55
59,56
57,57
58,58
59,59
39,0
38,1
39,2
38,3
39,4
34,5
6,6
7,7
8,8
38,9
39,10
39,11
39,12
38,13
38,14
38,15
38,16
39,17
38,18
38,19
38,20
38,21
39,22
39,23
38,24
26,25
26,26
38,27
39,28
39,29
39,30
39,31
39,32
39,33
34,34
39,35
38,36
38,37
39,38
39,39
38,40
38,41
38,42
39,43
38,44
38,45
38,46
38,47
38,48
53,49
51,50
51,51
53,52
53,53
59,54
53,55
53,56
53,57
58,58
59,59
39,0
38,1
39,2
38,3
39,4
38,5
51,6
7,7
8,8
39,9
39,10
39,11
39,12
38,13
38,14
38,15
34,16
39,17
39,18
39,19
39,20
38,21
39,22
38,23
38,24
38,25
38,26
38,27
39,28
39,29
39,30
39,31
39,32
39,33
34,34
39,35
39,36
38,37
38,38
39,39
38,40
49,41
42,42
38,43
38,44
38,45
38,46
38,47
38,48
51,49
59,50
51,51
38,52
53,53
34,54
51,55
59,56
53,57
59,58
59,59
39,0
39,1
39,2
38,3
38,4
34,5
6,6
7,7
26,8
39,9
39,10
39,11
39,12
38,13
38,14
34,15
26,16
38,17
38,18
39,19
39,20
38,21
39,22
38,23
38,24
26,25
26,26
38,27
39,28
39,29
39,30
39,31
39,32
39,33
34,34
39,35
38,36
39,37
38,38
39,39
39,40
38,41
42,42
39,43
38,44
38,45
39,46
34,47
38,48
53,49
51,50
51,51
53,52
53,53
38,54
53,55
53,56
53,57
59,58
59,59
39,0
38,1
39,2
38,3
39,4
34,5
6,6
7,7
8,8
38,9
39,10
39,11
39,12
38,13
38,14
26,15
34,16
38,17
39,18
39,19
39,20
38,21
38,22
38,23
39,24
38,25
26,26
38,27
39,28
39,29
39,30
39,31
39,32
39,33
34,34
39,35
39,36
38,37
38,38
39,39
38,40
38,41
42,42
39,43
39,44
38,45
38,46
34,47
38,48
53,49
51,50
59,51
53,52
53,53
39,54
53,55
52,56
53,57
58,58
59,59
38,0
38,1
38,2
38,3
38,4
34,5
6,6
7,7
8,8
38,9
38,10
38,11
38,12
34,13
38,14
34,15
38,16
38,17
38,18
39,19
39,20
38,21
38,22
39,23
39,24
38,25
26,26
38,27
39,28
39,29
38,30
39,31
39,32
38,33
34,34
39,35
38,36
38,37
38,38
39,39
38,40
26,41
42,42
38,43
38,44
38,45
38,46
34,47
38,48
51,49
50,50
51,51
51,52
53,53
59,54
53,55
51,56
53,57
58,58
59,59
38,0
38,1
38,2
38,3
39,4
34,5
39,6
7,7
8,8
38,9
38,10
39,11
42,12
34,13
38,14
34,15
38,16
38,17
38,18
39,19
39,20
38,21
39,22
38,23
38,24
34,25
26,26
38,27
39,28
38,29
39,30
39,31
38,32
38,33
34,34
39,35
38,36
38,37
38,38
39,39
38,40
38,41
42,42
38,43
38,44
38,45
38,46
34,47
38,48
49,49
53,50
51,51
51,52
53,53
51,54
53,55
53,56
53,57
59,58
59,59
38,0
38,1
39,2
38,3
39,4
34,5
6,6
7,7
8,8
38,9
38,10
38,11
39,12
34,13
38,14
34,15
38,16
38,17
38,18
38,19
39,20
38,21
38,22
38,23
39,24
38,25
26,26
38,27
39,28
39,29
39,30
39,31
39,32
38,33
34,34
38,35
38,36
38,37
38,38
39,39
38,40
38,41
42,42
38,43
38,44
38,45
38,46
34,47
38,48
49,49
50,50
51,51
53,52
53,53
51,54
53,55
51,56
51,57
59,58
59,59
38,0
38,1
38,2
38,3
38,4
34,5
59,6
7,7
8,8
39,9
39,10
39,11
42,12
30,13
38,14
38,15
38,16
38,17
39,18
38,19
39,20
38,21
38,22
38,23
38,24
34,25
26,26
38,27
39,28
39,29
38,30
39,31
38,32
38,33
38,34
39,35
38,36
38,37
38,38
39,39
38,40
38,41
42,42
38,43
38,44
38,45
38,46
38,47
38,48
51,49
53,50
51,51
53,52
53,53
38,54
53,55
53,56
53,57
59,58
59,59
38,0
38,1
38,2
38,3
39,4
34,5
6,6
7,7
8,8
38,9
39,10
38,11
38,12
38,13
38,14
38,15
38,16
38,17
38,18
39,19
38,20
38,21
39,22
38,23
38,24
38,25
26,26
38,27
38,28
38,29
38,30
39,31
39,32
39,33
38,34
39,35
38,36
38,37
38,38
39,39
38,40
51,41
42,42
38,43
38,44
38,45
38,46
34,47
38,48
49,49
51,50
51,51
38,52
53,53
51,54
53,55
59,56
53,57
59,58
59,59
38,0
38,1
38,2
38,3
39,4
34,5
39,6
7,7
8,8
38,9
38,10
38,11
39,12
34,13
38,14
38,15
38,16
38,17
38,18
38,19
38,20
38,21
39,22
38,23
38,24
30,25
26,26
38,27
39,28
39,29
39,30
39,31
39,32
38,33
34,34
39,35
38,36
38,37
38,38
39,39
38,40
38,41
42,42
38,43
38,44
38,45
38,46
34,47
38,48
49,49
51,50
51,51
53,52
53,53
38,54
53,55
51,56
53,57
58,58
59,59
39,0
39,1
39,2
39,3
39,4
39,5
39,6
7,7
8,8
39,9
38,10
39,11
39,12
6,13
38,14
34,15
34,16
38,17
38,18
39,19
38,20
38,21
39,22
39,23
38,24
38,25
26,26
39,27
39,28
39,29
39,30
39,31
39,32
39,33
34,34
38,35
39,36
39,37
38,38
39,39
39,40
34,41
42,42
39,43
38,44
38,45
39,46
38,47
38,48
53,49
53,50
51,51
51,52
53,53
51,54
39,55
51,56
53,57
58,58
59,59
39,0
38,1
39,2
38,3
39,4
34,5
6,6
7,7
8,8
39,9
39,10
39,11
39,12
6,13
39,14
34,15
34,16
39,17
39,18
38,19
38,20
38,21
38,22
38,23
38,24
26,25
26,26
38,27
39,28
39,29
39,30
39,31
39,32
39,33
34,34
38,35
38,36
38,37
39,38
39,39
39,40
50,41
42,42
38,43
38,44
38,45
39,46
38,47
38,48
53,49
59,50
51,51
53,52
53,53
51,54
51,55
59,56
53,57
59,58
59,59
38,0
38,1
39,2
38,3
39,4
34,5
6,6
7,7
8,8
39,9
38,10
39,12
30,13
38,14
34,15
34,16
39,17
39,18
39,19
38,20
38,21
39,22
39,23
38,24
30,25
26,26
38,27
39,28
39,29
39,30
39,31
39,32
39,33
34,34
39,35
39,36
39,37
39,38
39,39
39,40
38,41
42,42
39,43
38,44
38,45
38,46
38,47
38,48
53,49
51,50
51,51
51,52
53,53
51,54
53,55
51,56
53,57
58,58
59,59
39,0
39,1
38,2
38,3
39,4
34,5
6,6
7,7
8,8
39,9
39,10
39,11
39,12
6,13
38,14
38,15
34,16
39,17
39,18
38,19
39,20
38,21
38,22
38,23
38,24
38,25
26,26
38,27
39,28
39,29
39,30
39,31
39,32
39,33
34,34
39,35
38,36
39,37
39,38
39,39
39,40
50,41
42,42
39,43
38,44
38,45
39,46
38,47
38,48
53,49
53,50
51,51
39,52
53,53
51,54
53,55
51,56
53,57
59,58
59,59
39,0
39,1
38,2
39,3
39,4
39,5
6,6
7,7
8,8
39,9
38,10
39,11
39,12
6,13
38,14
34,15
34,16
38,17
38,18
39,19
39,20
38,21
39,22
38,23
38,24
38,25
26,26
38,27
39,28
38,29
39,30
39,31
39,32
39,33
34,34
39,35
39,36
39,37
39,38
39,39
39,40
34,41
42,42
39,43
38,44
38,45
39,46
34,47
38,48
53,49
51,50
51,51
38,52
53,53
38,54
53,55
51,56
53,57
59,58
59,59
39,0
39,1
39,2
38,3
39,4
34,5
6,6
7,7
8,8
39,9
38,10
38,11
34,13
38,14
34,15
34,16
38,17
38,18
38,19
38,20
38,21
38,22
38,23
38,24
38,25
26,26
38,27
38,28
39,29
39,30
39,31
39,32
39,33
34,34
38,35
38,36
39,37
39,38
39,39
38,40
7,41
42,42
39,43
38,44
38,45
39,46
38,47
38,48
7,49
40,50
51,51
39,52
39,53
39,54
38,55
34,56
39,57
58,58
59,59
39,0
39,1
39,2
39,3
39,4
39,5
39,6
7,7
8,8
39,9
39,10
39,11
39,12
38,13
39,14
26,15
38,16
38,17
38,18
39,19
39,20
38,21
39,22
39,23
39,24
26,25
26,26
39,27
39,28
39,29
30,30
39,31
39,32
39,33
34,34
39,35
39,36
39,37
39,38
39,39
39,40
34,41
42,42
39,43
38,44
38,45
39,46
40,47
38,48
39,49
53,50
51,51
53,52
53,53
53,54
53,55
59,56
53,57
58,58
59,59
39,0
38,1
39,2
38,3
39,4
39,5
6,6
39,7
8,8
39,9
39,10
39,11
39,12
34,13
38,14
34,15
38,16
38,17
39,18
38,19
39,20
38,21
39,22
38,23
39,24
26,25
26,26
39,27
39,28
39,29
39,30
39,31
39,32
39,33
34,34
39,35
39,36
39,37
39,38
39,39
38,40
26,41
42,42
38,43
39,44
39,45
38,46
44,47
38,48
53,49
53,50
53,51
38,52
53,53
38,54
53,55
51,56
53,57
58,58
59,59
39,0
39,1
39,2
39,3
39,4
26,5
39,6
7,7
8,8
39,9
39,10
39,11
39,12
38,13
38,14
38,15
34,16
38,17
39,18
39,23
38,24
26,25
26,26
39,27
39,28
39,29
39,30
38,31
39,32
39,33
34,34
39,35
39,36
39,37
39,38
39,39
39,40
38,41
42,42
39,43
39,44
38,45
39,46
40,47
39,48
39,49
53,50
51,51
53,52
53,53
53,54
53,55
51,56
53,57
38,58
59,59
39,0
38,1
39,2
39,3
39,4
39,5
6,6
39,7
39,8
39,9
38,10
39,11
39,12
34,13
38,14
34,15
34,16
38,17
39,18
39,19
39,20
38,21
39,22
38,23
39,24
26,25
26,26
39,27
39,28
39,29
39,30
39,31
39,32
39,33
34,34
39,35
38,36
39,37
39,38
39,39
39,40
38,41
42,42
39,43
38,44
38,45
38,46
44,47
38,48
51,49
53,50
39,51
53,52
53,53
39,54
53,55
51,56
53,57
59,58
59,59
39,0
39,1
39,2
39,3
39,4
39,5
39,6
7,7
8,8
39,9
39,10
39,11
39,12
38,13
38,14
38,15
34,16
38,17
39,18
39,19
39,20
38,21
39,22
39,23
39,24
26,25
26,26
39,27
39,28
39,29
39,30
39,31
39,32
39,33
34,34
39,35
38,36
39,37
39,38
39,39
39,40
34,41
42,42
38,43
38,44
38,45
39,46
34,47
38,48
39,49
53,50
51,51
39,52
53,53
59,54
53,55
51,56
53,57
58,58
59,59
39,0
38,1
39,2
39,3
39,4
39,5
39,6
39,7
8,8
38,9
39,10
38,11
39,12
38,13
38,14
34,15
26,16
38,17
39,18
39,19
39,20
38,21
39,22
38,23
39,24
26,25
26,26
39,27
39,28
39,29
39,30
39,31
39,32
39,33
34,34
39,35
38,36
39,37
39,38
39,39
39,40
26,41
42,42
39,43
38,44
39,45
39,46
51,47
38,48
51,49
53,50
51,51
39,52
53,53
38,54
53,55
51,56
53,57
59,58
59,59
38,0
39,1
39,2
38,3
39,4
34,5
6,6
7,7
8,8
39,9
38,10
38,11
39,12
30,13
38,14
34,15
34,16
38,17
38,18
38,19
39,20
38,21
39,22
39,23
38,24
26,25
26,26
38,27
39,28
39,29
39,30
39,31
39,32
39,33
34,34
38,35
39,36
38,37
39,38
39,39
39,40
39,41
42,42
38,43
38,44
38,45
39,46
38,47
38,48
53,49
53,50
51,51
39,52
53,53
53,54
53,55
53,56
53,57
59,58
59,59
38,0
39,1
39,2
38,3
39,4
34,5
6,6
7,7
8,8
39,9
39,10
39,11
39,12
38,13
38,14
34,15
38,16
38,17
38,18
38,19
38,20
38,21
38,22
39,23
38,24
26,25
26,26
39,27
39,28
38,29
39,30
39,31
39,32
38,33
34,34
38,35
38,36
38,37
39,38
38,39
38,40
59,41
42,42
38,43
38,44
38,45
39,46
38,47
38,48
53,49
53,50
59,51
53,52
53,53
38,54
53,55
38,56
53,57
59,58
59,59
38,0
39,1
39,2
38,3
39,4
34,5
39,6
38,7
8,8
39,9
38,10
39,11
39,12
38,13
38,14
34,15
7,16
39,19
39,20
38,21
38,22
39,23
38,24
38,25
26,26
39,27
39,28
39,29
39,30
39,31
39,32
38,33
34,34
39,35
39,36
38,37
38,38
39,39
39,40
39,41
42,42
39,43
38,44
38,45
38,46
38,47
38,48
49,49
53,50
51,51
51,52
53,53
53,54
53,55
59,56
53,57
38,58
59,59
39,0
39,1
39,2
38,3
39,4
34,5
6,6
42,7
8,8
39,9
39,10
39,11
39,12
38,13
38,14
38,15
34,16
39,17
39,18
38,19
38,20
38,21
38,22
39,23
38,24
26,25
26,26
39,27
39,28
39,29
39,30
39,31
39,32
38,33
34,34
39,35
39,36
38,37
39,38
39,39
38,40
42,41
42,42
38,43
38,44
39,45
39,46
38,47
38,48
53,49
53,50
51,51
53,52
53,53
38,54
39,55
53,56
53,57
51,58
59,59
39,0
39,1
39,2
38,3
39,4
34,5
6,6
7,7
38,8
38,9
39,10
39,11
39,12
38,13
38,14
34,15
34,16
38,17
39,18
39,19
38,20
38,21
39,22
38,23
39,24
26,25
26,26
39,27
39,28
38,29
39,30
39,31
39,32
39,33
34,34
39,35
39,36
38,37
39,38
38,39
39,40
39,41
42,42
39,43
38,44
38,45
39,46
38,47
38,48
53,49
53,50
51,51
53,52
53,53
51,54
53,55
59,56
53,57
59,58
59,59
39,0
38,1
38,2
38,3
39,4
34,5
39,6
7,7
8,8
39,9
38,10
39,11
38,12
34,13
38,14
34,15
34,16
39,17
38,18
38,19
39,20
38,21
39,22
38,23
38,24
38,25
38,26
39,27
39,28
38,29
39,30
38,31
39,32
38,33
38,34
38,35
38,36
38,37
38,38
38,39
38,40
38,41
42,42
38,43
38,44
38,45
38,46
38,47
38,48
53,49
53,50
51,51
53,52
53,53
38,54
39,55
51,56
38,57
53,58
59,59
39,0
39,1
38,2
38,3
39,4
39,5
6,6
7,7
8,8
39,9
39,10
39,11
39,12
38,13
38,14
38,15
40,16
38,17
39,18
38,19
38,20
38,21
39,22
39,23
38,24
26,25
26,26
38,27
39,28
39,29
39,30
39,31
39,32
39,33
34,34
39,35
39,36
38,37
38,38
39,39
38,40
38,41
42,42
38,43
38,44
38,45
38,46
38,47
38,48
6,49
53,50
51,51
39,52
38,53
38,54
51,55
51,56
38,57
59,58
59,59
39,0
39,1
38,2
38,3
39,4
39,5
51,6
7,7
8,8
39,9
38,10
38,11
39,12
38,13
38,14
34,15
34,16
38,17
39,18
38,19
38,20
38,21
39,22
39,23
38,24
26,25
26,26
39,27
39,28
39,29
39,30
39,31
39,32
39,33
34,34
39,35
39,36
38,37
38,38
39,39
39,40
42,41
42,42
38,43
38,44
38,45
38,46
38,47
38,48
39,49
39,50
51,51
53,52
53,53
38,54
51,55
53,56
38,57
58,58
59,59
39,0
39,1
38,2
38,3
39,4
34,5
6,6
39,12
38,13
34,14
38,15
34,16
39,17
39,18
38,19
38,20
38,21
39,22
39,23
38,24
38,25
26,26
39,27
38,28
38,29
39,30
39,31
38,32
39,33
34,34
39,35
38,36
39,37
38,38
39,39
38,40
38,41
42,42
38,43
38,44
38,45
39,46
38,47
38,48
39,50
51,51
39,52
39,53
38,54
51,55
7,56
51,57
58,58
59,59
39,0
39,1
38,2
38,3
39,4
34,5
51,6
7,7
8,8
39,9
38,10
39,11
39,12
38,13
38,14
26,15
34,16
39,17
39,18
38,19
38,20
38,21
39,22
39,23
39,24
26,25
26,26
39,27
39,28
39,29
39,30
39,31
39,32
39,33
34,34
39,35
39,36
39,37
39,38
39,39
39,40
38,41
42,42
38,43
38,44
38,45
39,46
38,47
38,48
53,49
53,50
51,51
53,52
53,53
38,54
51,55
51,56
38,57
59,58
59,59
39,0
39,1
38,2
38,3
39,4
39,5
6,6
7,7
8,8
39,9
39,10
39,11
39,12
38,13
38,14
34,15
34,16
38,17
39,18
38,19
38,20
38,21
39,22
38,23
38,24
26,25
26,26
39,27
39,28
39,29
39,30
39,31
39,32
39,33
34,34
39,35
39,36
39,37
38,38
39,39
38,40
51,41
42,42
39,43
38,44
38,45
39,46
26,47
38,48
51,49
53,50
51,51
39,52
53,53
38,54
51,55
51,56
53,57
59,58
59,59
39,0
39,1
38,2
38,3
39,4
39,5
6,6
7,7
39,8
39,9
39,10
39,11
38,12
38,13
38,14
34,15
34,16
38,17
38,18
38,19
38,20
38,21
38,22
39,23
39,24
38,25
26,26
39,27
38,28
39,29
39,30
39,31
39,32
39,33
34,34
39,35
39,36
38,37
38,38
39,39
38,40
38,41
42,42
38,43
38,44
38,45
38,46
38,47
38,48
53,49
53,50
51,51
39,52
53,53
38,54
51,55
38,56
38,57
58,58
59,59
39,0
38,1
38,2
38,3
39,4
34,5
38,6
7,7
8,8
38,9
39,10
39,11
38,12
38,13
38,14
38,15
34,16
38,17
39,18
38,19
38,20
38,21
38,22
51,23
38,24
26,25
26,26
38,27
39,28
38,29
39,30
39,31
39,32
39,33
34,34
39,35
38,36
38,37
38,38
39,39
34,40
38,41
42,42
39,43
39,44
39,45
39,46
38,47
38,48
51,49
53,50
51,51
38,52
53,53
38,54
53,55
53,56
53,57
58,58
59,59
39,0
39,1
38,2
38,3
39,4
39,5
34,6
7,7
8,8
39,9
39,10
39,11
38,12
34,13
38,14
34,15
34,16
38,17
38,18
39,19
39,20
38,21
38,22
51,23
39,24
38,25
26,26
39,27
39,28
39,29
39,30
39,31
39,32
39,33
34,34
39,35
38,36
38,37
38,38
39,39
39,40
59,41
42,42
38,43
38,44
38,45
38,46
38,47
38,48
51,49
38,50
51,51
39,52
53,53
59,54
53,55
53,56
53,57
58,58
59,59
39,0
39,1
39,2
39,4
34,5
34,6
7,7
8,8
39,9
39,10
39,11
39,12
6,13
39,14
38,15
34,16
38,17
39,18
39,19
38,20
38,21
39,22
38,23
38,24
26,25
26,26
38,27
39,28
39,29
39,30
39,31
39,32
38,33
34,34
39,35
38,36
39,37
38,38
39,39
38,40
38,41
42,42
39,43
39,44
39,45
39,46
38,47
38,48
38,49
53,50
51,51
39,52
39,53
51,54
39,55
53,56
53,57
59,58
59,59
39,0
39,1
38,2
38,3
38,4
39,5
34,6
7,7
8,8
38,9
38,10
38,11
38,12
6,13
38,14
38,15
34,16
39,17
38,18
39,19
39,20
38,21
38,22
59,23
38,24
38,25
26,26
38,27
39,28
39,29
39,30
39,31
39,32
39,33
34,34
39,35
39,36
39,37
38,38
39,39
39,40
59,41
42,42
39,43
38,44
38,45
38,46
38,47
38,48
51,49
53,50
51,51
53,52
53,53
59,54
53,55
53,56
53,57
59,58
59,59
39,0
38,1
39,2
38,3
38,4
39,5
34,6
38,7
39,8
39,9
39,10
39,11
38,12
38,13
38,14
38,15
38,16
39,17
38,18
39,19
39,20
6,21
38,22
38,23
38,24
26,25
26,26
38,27
39,28
39,29
39,30
39,31
39,32
39,33
34,34
39,35
38,36
38,37
38,38
39,39
34,40
51,41
42,42
39,43
39,44
38,45
39,46
39,47
38,48
53,49
53,50
51,51
53,52
53,53
51,54
53,55
53,56
53,57
59,58
59,59
39,0
39,1
39,2
38,3
39,4
38,5
34,6
7,7
8,8
39,9
38,10
38,11
38,12
6,13
38,14
38,15
34,16
39,17
38,18
34,19
6,20
38,21
38,22
38,23
38,24
26,25
26,26
38,27
39,28
39,29
38,30
38,31
39,32
39,33
34,34
39,35
38,36
39,37
38,38
39,39
39,40
59,41
42,42
39,43
39,44
38,45
38,46
38,47
38,48
34,49
34,50
51,51
39,52
53,53
51,54
53,55
53,56
53,57
59,58
59,59
39,0
38,1
39,2
38,3
39,4
34,5
6,6
7,7
8,8
39,9
39,10
39,11
39,12
34,13
38,14
34,15
38,16
38,17
39,18
38,19
39,20
38,21
39,22
39,23
39,24
26,25
26,26
38,27
38,28
39,29
39,30
39,31
39,32
39,33
34,34
39,35
39,36
39,37
38,38
39,39
38,40
51,41
42,42
39,43
38,44
38,45
39,46
38,47
38,48
51,49
50,50
38,51
38,52
53,53
51,54
53,55
53,56
53,57
53,58
59,59
39,0
39,1
38,2
38,3
39,4
34,5
6,6
26,7
8,8
38,9
39,10
39,11
39,12
38,13
38,14
26,15
34,16
38,17
39,18
39,19
39,20
38,21
39,22
38,23
39,24
26,25
26,26
38,27
39,28
39,29
39,30
39,31
39,32
39,33
34,34
39,35
39,36
39,37
39,38
39,39
38,40
59,41
42,42
39,43
39,44
39,45
39,46
44,47
38,48
51,49
53,50
51,51
53,52
53,53
51,54
53,55
51,56
53,57
59,58
59,59
38,0
39,1
39,2
39,3
39,4
34,5
6,6
39,7
8,8
39,9
39,10
39,11
39,12
34,13
34,14
34,15
34,16
38,17
39,18
38,19
39,20
38,21
38,22
26,23
38,24
26,25
26,26
38,27
39,28
39,29
39,30
39,31
39,32
39,33
34,34
39,35
39,36
39,37
39,38
39,39
38,40
51,41
42,42
39,43
39,44
39,45
39,46
38,47
38,48
39,49
59,50
51,51
53,52
53,53
38,54
53,55
53,56
53,57
59,58
59,59
39,0
39,1
39,2
38,3
39,4
34,5
6,6
7,7
8,8
39,9
39,10
39,11
39,12
38,13
38,14
34,15
34,16
38,17
39,18
38,19
39,20
38,21
6,22
51,23
39,24
26,25
26,26
38,27
39,28
39,29
39,30
39,31
39,32
39,33
34,34
39,35
39,36
39,37
38,38
39,39
38,40
42,41
42,42
39,43
39,44
39,45
39,46
38,47
38,48
53,49
51,50
51,51
53,52
53,53
51,54
53,55
51,56
53,57
58,58
59,59
39,0
39,1
39,2
39,3
39,4
34,5
6,6
7,7
8,8
39,9
39,10
38,11
39,12
38,13
38,14
38,15
38,16
39,17
39,18
38,19
39,20
38,21
39,22
39,23
39,24
26,25
26,26
38,27
38,28
39,29
39,30
39,31
39,32
39,33
34,34
39,35
39,36
39,37
39,38
39,39
39,40
42,41
42,42
39,43
38,44
39,45
39,46
38,47
38,48
51,49
53,50
51,51
53,52
53,53
51,54
53,55
53,56
53,57
42,58
59,59
39,0
39,1
39,2
39,3
39,4
34,5
6,6
26,7
8,8
39,9
39,10
38,11
39,12
30,13
38,14
34,15
34,16
39,17
39,18
38,19
39,20
38,21
39,22
38,23
39,24
38,25
26,26
39,27
39,28
39,29
53,30
53,31
39,32
38,33
59,34
53,35
39,36
38,37
38,38
39,39
59,40
59,41
42,42
38,43
38,44
53,45
38,46
59,47
38,48
38,49
38,50
39,51
39,52
39,53
39,54
53,55
59,56
53,57
59,58
39,59
39,0
39,1
39,2
38,3
39,4
39,5
8,6
7,7
51,8
38,9
39,10
39,11
39,12
38,13
38,14
34,15
34,16
38,17
38,18
39,19
38,20
39,21
39,22
38,23
39,24
26,25
26,26
39,27
39,28
39,29
39,30
39,31
39,32
39,33
38,34
39,35
38,36
39,37
39,38
39,39
38,40
38,41
42,42
38,43
38,44
38,45
39,46
38,47
38,48
39,49
53,50
51,51
53,52
53,53
59,54
53,55
39,56
53,57
59,58
59,59
38,0
39,1
39,2
38,3
39,4
34,5
39,6
7,7
8,8
39,9
39,10
39,11
39,12
38,13
38,14
26,15
34,16
38,17
38,18
39,19
39,20
38,21
38,22
38,23
39,24
26,25
26,26
39,27
39,28
38,29
39,30
39,31
39,32
39,33
38,34
39,35
39,36
39,37
39,38
39,39
39,40
38,41
42,42
38,43
38,44
39,45
38,46
34,47
38,48
51,49
51,50
51,51
53,52
53,53
51,54
51,55
34,56
51,57
59,58
59,59
38,0
39,1
39,2
38,3
39,4
34,5
6,6
7,7
8,8
39,9
39,10
38,11
39,12
8,13
38,14
34,15
34,16
39,18
39,19
39,20
39,21
39,22
6,23
39,24
26,25
26,26
38,27
39,28
38,29
39,30
39,31
39,32
39,33
38,34
39,35
39,36
39,37
39,38
39,39
38,40
38,41
42,42
38,43
38,44
39,45
39,46
38,47
38,48
51,49
49,50
34,51
53,52
39,53
38,54
38,55
39,56
53,57
58,58
59,59
38,0
39,1
39,2
38,3
39,4
34,5
38,6
7,7
8,8
39,9
39,10
39,11
39,12
38,13
38,14
34,15
7,16
38,17
38,18
39,19
39,20
38,21
38,22
38,23
39,24
26,25
26,26
39,27
39,28
38,29
39,30
39,31
39,32
39,33
38,34
39,35
39,36
39,37
39,38
39,39
39,40
38,41
42,42
38,43
38,44
39,45
38,46
34,47
38,48
51,49
51,50
51,51
53,52
53,53
51,54
53,55
34,56
53,57
59,58
59,59
39,0
39,1
39,2
39,3
39,4
39,5
39,6
7,7
8,8
39,9
39,10
39,11
39,12
38,13
38,14
34,15
34,16
39,17
39,18
39,19
39,20
39,21
38,22
38,23
39,24
26,25
26,26
39,27
39,28
39,29
39,30
39,31
39,32
39,33
39,34
39,35
39,36
39,37
39,38
39,39
39,40
38,41
42,42
38,43
38,44
39,45
38,46
38,47
38,48
39,49
53,50
51,51
39,52
53,53
51,54
39,55
39,56
53,57
59,58
59,59
39,0
39,1
39,2
38,3
39,4
34,5
39,6
7,7
38,8
39,9
39,10
38,11
34,13
38,14
34,15
34,16
38,17
39,18
39,19
38,20
38,21
39,22
6,23
39,24
38,25
26,26
39,27
39,28
39,29
39,30
39,31
39,32
39,33
38,34
39,35
39,36
38,37
39,38
39,39
39,40
51,41
42,42
38,43
38,44
38,45
39,46
34,47
39,48
39,49
38,50
6,51
39,52
39,53
51,54
39,55
34,56
39,57
58,58
59,59
39,0
39,1
38,2
38,3
38,4
34,5
6,6
7,7
8,8
39,9
39,10
39,11
39,12
34,13
34,14
26,15
34,16
38,17
38,18
39,19
38,20
38,21
38,22
38,23
38,24
26,25
26,26
38,27
39,28
38,29
39,30
39,31
39,32
39,33
34,34
39,35
39,36
38,37
39,38
39,39
38,40
38,41
26,42
38,43
44,44
39,45
38,46
34,47
38,48
50,49
53,50
51,51
38,52
53,53
39,54
51,55
34,56
53,57
59,58
59,59
39,0
39,1
38,2
38,3
39,4
34,5
6,6
7,7
8,8
39,9
38,10
39,11
39,12
34,13
34,14
34,15
34,16
38,17
38,18
39,19
39,20
38,21
38,22
38,23
39,24
26,25
26,26
38,27
39,28
38,29
39,30
39,31
39,32
39,33
34,34
39,35
39,36
39,37
39,38
39,39
38,40
38,41
42,42
38,43
38,44
39,45
38,46
34,47
38,48
51,49
50,50
51,51
53,52
53,53
51,54
51,55
34,56
53,57
59,58
59,59
39,0
39,1
39,2
39,3
39,4
34,5
6,6
7,7
8,8
39,9
39,10
39,11
39,12
34,13
34,14
26,15
26,16
38,17
38,18
39,19
38,20
38,21
38,22
39,23
38,24
26,25
26,26
38,27
39,28
39,29
39,30
39,31
39,32
39,33
34,34
39,35
38,36
38,37
39,38
39,39
39,40
39,41
42,42
39,43
38,44
39,45
39,46
34,47
39,48
59,49
53,50
49,51
53,52
53,53
38,54
51,55
59,56
53,57
58,58
59,59
39,0
39,1
38,2
38,3
39,4
34,5
6,6
7,7
8,8
39,9
39,10
39,11
39,12
34,13
34,14
34,15
34,16
38,17
38,18
39,19
39,20
38,21
38,22
38,23
39,24
26,25
38,26
38,27
39,28
38,29
38,30
39,31
39,32
39,33
34,34
39,35
39,36
38,37
39,38
39,39
38,40
38,41
59,42
38,43
38,44
38,45
38,46
34,47
38,48
53,49
50,50
51,51
51,52
53,53
38,54
53,55
34,56
53,57
51,58
59,59
39,0
39,1
39,2
38,3
38,4
34,5
6,6
7,7
8,8
38,9
39,10
39,11
39,12
34,13
30,14
26,15
26,16
38,17
38,18
39,19
38,20
39,21
38,22
38,23
38,24
26,25
26,26
38,27
39,28
39,29
39,30
39,31
39,32
39,33
34,34
39,35
39,36
38,37
39,38
39,39
39,40
51,41
26,42
38,43
38,44
39,45
38,46
34,47
38,48
59,49
53,50
51,51
53,52
53,53
59,54
51,55
59,56
53,57
58,58
59,59
39,1
39,2
38,3
39,4
34,5
51,6
7,7
38,8
39,9
39,12
8,13
34,14
34,15
38,16
38,17
39,18
39,19
39,20
38,21
39,22
34,23
39,24
26,25
26,26
39,27
39,28
39,29
39,30
39,31
39,32
39,33
34,34
39,35
39,36
39,37
39,38
39,39
39,40
38,41
59,42
38,43
38,44
38,45
38,46
34,47
39,48
39,49
34,50
34,51
39,52
39,53
39,54
39,55
34,56
39,57
59,58
59,59
39,0
39,1
38,2
38,3
39,4
34,5
6,6
7,7
8,8
39,9
39,10
38,11
39,12
38,13
38,14
34,15
34,16
39,17
39,18
38,19
39,20
38,21
38,22
39,23
38,24
26,25
26,26
38,27
39,28
39,29
39,30
39,31
39,32
39,33
34,34
39,35
39,36
38,37
38,38
39,39
39,40
39,41
42,42
39,43
38,44
38,45
38,46
38,47
38,48
53,49
50,50
51,51
53,52
53,53
38,54
53,55
34,56
53,57
38,58
59,59
39,0
39,1
39,2
38,3
39,4
34,5
6,6
7,7
8,8
39,9
39,10
39,11
39,12
34,13
39,14
26,15
34,16
38,17
38,18
38,19
39,20
38,21
38,22
38,23
38,24
26,25
26,26
38,27
39,28
39,29
30,30
39,31
39,32
39,33
34,34
39,35
39,36
39,37
38,38
39,39
39,40
59,41
42,42
39,43
38,44
39,45
38,46
51,47
38,48
51,49
53,50
51,51
53,52
53,53
38,54
53,55
34,56
53,57
58,58
59,59
39,0
39,1
39,2
38,3
39,4
34,5
6,6
7,7
8,8
39,9
39,10
39,11
39,12
34,13
38,14
34,15
34,16
39,17
39,18
38,19
39,20
38,21
38,22
39,23
39,24
38,25
26,26
38,27
39,28
39,29
39,30
39,31
39,32
39,33
34,34
39,35
39,36
38,37
38,38
39,39
39,40
6,41
42,42
38,43
38,44
38,45
38,46
38,47
39,48
39,49
53,50
51,51
53,52
39,53
51,54
53,55
34,56
53,57
58,58
59,59
39,0
39,1
38,2
38,3
39,4
34,5
39,6
7,7
8,8
39,9
39,10
39,11
39,12
6,13
39,14
26,15
26,16
38,17
39,18
38,19
39,20
38,21
38,22
38,23
38,24
26,25
26,26
39,27
39,28
38,29
39,30
39,31
39,32
39,33
34,34
39,35
38,36
39,37
38,38
39,39
39,40
51,41
42,42
39,43
38,44
38,45
38,46
38,47
38,48
51,49
53,50
51,51
53,52
53,53
39,54
39,55
53,56
53,57
58,58
59,59
39,0
39,1
39,2
39,3
39,4
34,5
6,6
7,7
8,8
39,9
39,10
38,11
39,12
6,13
38,14
34,15
34,16
38,17
39,18
39,19
39,20
38,21
38,22
38,23
38,24
26,25
26,26
38,27
39,28
39,29
39,30
39,31
39,32
39,33
34,34
39,35
39,36
39,37
38,38
39,39
39,40
51,41
42,42
39,43
38,44
39,45
38,46
34,47
38,48
49,49
50,50
51,51
38,52
53,53
51,54
53,55
34,56
53,57
58,58
59,59
39,0
39,1
39,2
39,3
39,4
34,5
39,6
7,7
8,8
39,9
39,10
39,11
39,12
38,13
38,14
34,15
34,16
39,17
39,18
39,19
39,20
38,21
39,22
38,23
38,24
38,25
26,26
38,27
39,28
39,29
39,30
39,31
39,32
39,33
34,34
39,35
39,36
39,37
39,38
39,39
39,40
59,41
42,42
39,43
38,44
39,45
39,46
38,47
39,48
39,49
39,50
51,51
39,52
39,53
38,54
53,55
34,56
39,57
42,58
59,59
39,0
39,1
39,2
38,3
39,4
34,5
39,6
7,7
8,8
39,9
39,10
39,11
39,12
34,13
39,14
34,15
26,16
38,17
39,18
38,19
38,20
38,21
30,22
39,23
38,24
26,25
26,26
38,27
39,28
39,29
39,30
39,31
39,32
39,33
34,34
39,35
39,36
38,37
39,38
39,39
39,40
38,41
42,42
38,43
39,44
38,45
38,46
38,47
38,48
51,49
51,50
51,51
39,52
39,53
38,54
53,55
59,56
53,57
59,58
59,59
39,0
38,1
39,2
38,3
39,4
39,5
39,6
7,7
8,8
39,9
39,10
39,11
38,12
38,13
39,14
38,15
39,16
38,17
38,18
39,19
39,20
38,21
30,22
38,23
38,24
26,25
26,26
38,27
39,28
39,29
39,30
39,31
39,32
39,33
34,34
39,35
39,36
38,37
39,38
39,39
38,40
59,41
42,42
38,43
39,44
38,45
38,46
38,47
38,48
51,49
59,50
51,51
53,52
53,53
38,54
53,55
59,56
59,57
59,58
59,59
39,0
39,1
39,2
38,3
39,4
34,5
39,6
7,7
38,8
39,9
39,10
39,11
39,12
38,13
38,14
26,15
34,16
39,17
39,18
39,19
39,20
39,21
39,22
38,23
38,24
26,25
26,26
38,27
39,28
39,29
39,30
39,31
39,32
39,33
34,34
39,35
38,36
39,37
39,38
39,39
39,40
38,41
42,42
38,43
39,44
38,45
39,46
40,47
38,48
51,49
51,50
51,51
53,52
39,53
59,54
53,55
53,56
53,57
58,58
59,59
38,0
38,1
39,2
38,3
39,4
39,5
39,6
7,7
8,8
39,9
38,10
39,11
39,12
34,13
38,14
34,15
34,16
38,17
39,18
39,19
39,20
38,21
30,22
38,23
38,24
26,25
26,26
38,27
39,28
39,29
39,30
39,31
39,32
39,33
34,34
39,35
39,36
38,37
39,38
39,39
39,40
59,41
42,42
38,43
38,44
38,45
38,46
38,47
38,48
51,49
51,50
51,51
53,52
53,53
51,54
53,55
59,56
51,57
58,58
59,59
39,0
39,1
39,2
39,3
39,4
34,5
39,6
7,7
39,8
39,9
39,10
39,11
39,12
38,13
38,14
26,15
38,16
38,17
39,18
38,19
38,20
38,21
39,22
38,23
38,24
26,25
26,26
38,27
39,28
39,29
39,30
39,31
39,32
39,33
34,34
39,35
39,36
38,37
39,38
39,39
39,40
38,41
42,42
38,43
38,44
38,45
38,46
34,47
38,48
51,49
51,50
51,51
53,52
53,53
59,54
53,55
53,56
53,57
59,58
59,59
38,0
38,1
39,2
38,3
39,4
34,5
39,6
7,7
8,8
39,9
39,10
39,11
38,12
34,13
38,14
34,15
34,16
38,17
38,18
38,19
39,20
39,21
39,22
38,23
39,24
26,25
26,26
38,27
39,28
39,29
39,30
38,31
39,32
39,33
34,34
39,35
39,36
39,37
39,38
39,39
38,40
59,41
42,42
39,43
38,44
38,45
38,46
38,47
38,48
53,49
51,50
51,51
53,52
53,53
39,54
53,55
53,56
53,57
59,58
59,59
38,0
39,1
38,2
38,3
38,4
34,5
6,6
7,7
8,8
39,9
38,10
39,11
39,12
38,13
38,14
38,15
34,16
38,17
39,18
38,19
39,20
38,21
39,22
39,23
38,24
26,25
26,26
38,27
39,28
39,29
39,30
39,31
39,32
39,33
34,34
39,35
38,36
38,37
39,38
39,39
39,40
51,41
42,42
38,43
38,44
38,45
38,46
38,47
38,48
49,49
51,50
51,51
53,52
53,53
51,54
53,55
51,56
53,57
59,58
59,59
38,0
38,1
38,2
38,3
39,4
34,5
39,6
7,7
8,8
39,9
38,10
39,11
39,12
34,13
39,14
38,15
34,16
38,17
38,18
39,19
39,20
38,21
30,22
38,23
39,24
26,25
26,26
38,27
39,28
39,29
53,30
53,31
39,32
39,33
53,34
53,35
38,36
38,37
39,38
39,39
38,40
59,41
42,42
38,43
38,44
53,45
38,46
40,47
38,48
53,49
53,50
51,51
53,52
53,53
51,54
51,55
51,56
53,57
59,58
59,59
39,0
39,1
38,2
38,3
39,4
34,5
6,6
7,7
8,8
39,9
39,10
39,11
39,12
30,13
38,14
7,15
34,16
38,17
38,18
38,19
38,20
39,21
39,22
38,23
38,24
38,25
26,26
39,27
39,28
38,29
39,30
39,31
39,32
39,33
34,34
39,35
38,36
38,37
39,38
39,39
39,40
38,41
42,42
38,43
38,44
38,45
38,46
38,47
38,48
39,49
51,50
59,51
39,52
53,53
38,54
53,55
53,56
53,57
59,58
59,59
39,0
39,1
38,2
38,3
39,4
34,5
39,6
7,7
8,8
39,9
39,10
38,11
38,12
38,13
38,14
34,15
34,16
38,17
39,18
39,19
39,20
38,21
30,22
38,23
38,24
26,25
26,26
38,27
39,28
38,29
39,30
39,31
39,32
39,33
34,34
39,35
38,36
38,37
39,38
39,39
39,40
59,41
42,42
39,43
38,44
38,45
38,46
38,47
38,48
51,49
53,50
51,51
53,52
53,53
51,54
53,55
34,56
53,57
59,58
59,59
38,0
38,1
38,2
38,3
4,4
34,5
39,6
7,7
8,8
39,9
39,10
39,11
39,12
38,13
38,14
38,15
34,16
38,17
39,18
38,19
39,20
38,21
39,22
38,23
38,24
26,25
26,26
38,27
39,28
38,29
39,30
39,31
39,32
39,33
34,34
39,35
39,36
38,37
39,38
39,39
38,40
51,41
42,42
38,43
38,44
38,45
38,46
38,47
38,48
51,49
51,50
51,51
53,52
53,53
51,54
51,55
51,56
53,57
59,58
59,59
38,0
38,1
38,2
38,3
39,4
34,5
39,6
7,7
8,8
39,9
39,10
39,11
39,12
34,13
38,14
38,15
34,16
38,17
38,18
39,19
39,20
39,21
38,22
38,23
39,24
26,25
26,26
39,27
39,28
39,29
39,30
39,31
39,32
39,33
34,34
39,35
38,36
38,37
39,38
39,39
38,40
59,41
42,42
39,43
39,44
39,45
39,46
47,47
38,48
53,49
53,50
51,51
53,52
53,53
51,54
51,55
51,56
53,57
59,58
59,59
38,0
38,1
38,2
38,3
39,4
34,5
6,6
7,7
8,8
39,9
39,10
38,11
38,12
6,13
6,14
7,15
34,16
38,17
38,18
38,19
39,20
38,21
30,22
38,23
38,24
26,25
26,26
38,27
39,28
38,29
39,30
38,31
39,32
39,33
34,34
39,35
38,36
38,37
38,38
39,39
38,40
59,41
42,42
38,43
38,44
38,45
38,46
38,47
38,48
49,49
53,50
51,51
51,52
53,53
51,54
51,55
51,56
53,57
59,58
59,59
38,0
38,1
38,2
38,3
39,4
34,5
39,6
7,7
8,8
38,9
38,10
38,11
39,12
30,13
38,14
38,15
39,16
38,17
39,18
39,19
38,20
38,21
30,22
38,23
39,24
26,25
26,26
38,27
39,28
39,29
39,30
39,31
39,32
39,33
34,34
39,35
38,36
38,37
38,38
39,39
38,40
59,41
42,42
38,43
38,44
38,45
38,46
38,47
38,48
51,49
50,50
51,51
53,52
53,53
51,54
53,55
40,56
51,57
59,58
59,59
39,0
38,1
39,2
38,3
39,4
34,5
6,6
7,7
8,8
38,9
38,10
38,11
39,12
34,13
38,14
38,15
7,16
38,17
39,18
39,19
39,20
38,21
30,22
39,23
38,24
26,25
26,26
38,27
39,28
38,29
39,30
39,31
39,32
39,33
34,34
39,35
38,36
38,37
38,38
39,39
38,40
59,41
42,42
38,43
38,44
38,45
39,46
38,47
38,48
49,49
53,50
51,51
53,52
53,53
51,54
53,55
38,56
53,57
58,58
59,59
38,0
38,1
38,2
38,3
39,4
34,5
38,6
7,7
8,8
39,9
39,10
38,11
39,12
38,13
38,14
38,15
34,16
38,17
39,18
39,19
39,20
38,21
30,22
38,23
38,24
38,25
26,26
38,27
39,28
39,29
30,30
38,31
39,32
39,33
34,34
39,35
39,36
38,37
38,38
39,39
38,40
42,41
42,42
38,43
38,44
38,45
38,46
38,47
38,48
51,49
51,50
51,51
38,52
53,53
38,54
53,55
59,56
51,57
58,58
59,59
38,0
38,1
38,2
38,3
38,4
34,5
51,6
7,7
8,8
38,9
39,10
38,11
39,12
34,13
38,14
50,15
34,16
38,17
38,18
38,19
39,20
38,21
30,22
38,23
38,24
26,25
26,26
38,27
38,28
38,29
39,30
39,31
39,32
39,33
34,34
39,35
38,36
38,37
39,38
39,39
38,40
59,41
42,42
38,43
38,44
38,45
38,46
38,47
38,48
51,49
53,50
51,51
53,52
53,53
51,54
53,55
51,56
53,57
59,58
59,59
38,0
38,1
38,2
38,3
38,4
39,5
38,6
7,7
8,8
39,9
39,10
38,11
39,12
38,13
30,14
38,15
34,16
39,17
38,18
39,19
38,20
38,21
30,22
38,23
39,24
26,25
26,26
38,27
39,28
38,29
39,30
39,31
38,32
39,33
34,34
39,35
38,36
39,37
38,38
39,39
38,40
59,41
42,42
39,43
38,44
38,45
38,46
38,47
38,48
51,49
51,50
51,51
51,52
53,53
38,54
53,55
59,56
53,57
58,58
59,59
39,0
39,1
38,2
38,3
39,4
34,5
39,6
7,7
8,8
39,9
38,10
38,11
39,12
38,13
38,14
7,15
38,16
38,17
38,18
38,19
38,20
38,21
39,22
38,23
38,24
26,25
26,26
38,27
39,28
38,29
39,30
39,31
39,32
39,33
34,34
39,35
38,36
38,37
39,38
39,39
38,40
38,41
42,42
38,43
38,44
38,45
38,46
38,47
38,48
51,49
53,50
51,51
53,52
53,53
49,54
53,55
59,56
53,57
59,58
59,59
39,0
39,1
38,2
38,3
39,4
39,5
6,6
7,7
38,8
39,9
39,10
38,11
39,12
34,13
38,14
7,15
38,16
38,17
38,18
39,19
39,20
38,21
30,22
38,23
38,24
26,25
26,26
38,27
39,28
38,29
39,30
39,31
39,32
38,33
34,34
39,35
38,36
38,37
39,38
39,39
38,40
34,41
42,42
38,43
38,44
38,45
38,46
38,47
38,48
51,49
50,50
51,51
53,52
53,53
38,54
53,55
51,56
51,57
59,58
59,59
38,0
39,1
38,2
38,3
39,4
34,5
39,6
7,7
26,8
39,9
38,10
38,11
38,12
38,13
38,14
39,15
38,16
38,17
38,18
39,19
38,20
30,21
39,22
39,23
38,24
26,25
26,26
38,27
39,28
38,29
39,30
39,31
39,32
39,33
34,34
39,35
38,36
38,37
39,38
39,39
39,40
59,41
42,42
39,43
38,44
38,45
38,46
34,47
38,48
49,49
53,50
51,51
51,52
53,53
38,54
53,55
51,56
53,57
59,58
59,59
39,0
39,1
38,2
38,3
39,4
42,5
39,6
7,7
8,8
39,9
39,10
38,11
38,12
34,13
38,14
38,15
39,16
38,17
38,18
39,19
39,20
38,21
30,22
38,23
38,24
26,25
26,26
38,27
39,28
38,29
30,30
39,31
39,32
39,33
34,34
39,35
38,36
38,37
39,38
39,39
38,40
26,41
42,42
38,43
38,44
38,45
38,46
38,47
38,48
51,49
50,50
51,51
53,52
53,53
51,54
53,55
51,56
51,57
59,58
59,59
39,0
38,1
38,2
38,3
39,4
34,5
51,6
7,7
8,8
38,9
38,10
38,11
38,12
34,13
38,14
38,15
34,16
38,17
38,18
38,19
39,20
38,21
30,22
38,23
38,24
26,25
26,26
38,27
39,28
38,29
30,30
39,31
39,32
39,33
34,34
39,35
38,36
38,37
38,38
39,39
38,40
59,41
42,42
38,43
38,44
38,45
38,46
38,47
38,48
51,49
53,50
51,51
53,52
53,53
51,54
53,55
51,56
53,57
59,58
59,59
39,0
39,1
38,2
38,3
39,4
34,5
6,6
7,7
6,8
39,9
39,10
39,11
39,12
34,13
38,14
38,15
38,16
38,17
38,18
39,19
39,20
39,21
30,22
38,23
38,24
26,25
26,26
38,27
39,28
39,29
39,30
39,31
39,32
39,33
34,34
39,35
38,36
39,37
39,38
39,39
38,40
34,41
42,42
38,43
38,44
38,45
38,46
38,47
38,48
53,49
50,50
51,51
51,52
53,53
38,54
53,55
51,56
51,57
59,58
59,59
39,0
39,1
38,2
38,3
38,4
26,5
6,6
7,7
8,8
38,9
38,10
38,11
39,12
38,13
38,14
26,15
38,16
38,17
38,18
38,19
38,20
38,21
38,22
38,23
38,24
26,25
26,26
38,27
39,28
39,29
39,30
39,31
39,32
39,33
34,34
39,35
38,36
38,37
38,38
39,39
38,40
38,41
42,42
38,43
38,44
38,45
38,46
40,47
38,48
53,49
53,50
51,51
53,52
53,53
38,54
53,55
53,56
53,57
59,58
59,59
39,0
39,1
38,2
38,3
39,4
34,5
39,6
7,7
8,8
38,9
39,10
39,11
39,12
38,13
38,14
34,15
7,16
38,17
38,18
39,19
38,20
38,21
38,22
38,23
39,24
26,25
26,26
38,27
39,28
38,29
39,30
39,31
39,32
38,33
34,34
39,35
38,36
38,37
38,38
39,39
38,40
50,41
42,42
39,43
38,44
39,45
39,46
34,47
38,48
53,49
53,50
51,51
53,52
53,53
39,54
53,55
53,56
53,57
59,58
59,59
38,0
39,1
38,2
38,3
39,4
39,5
6,6
7,7
8,8
38,9
39,10
39,11
39,12
38,13
38,14
34,15
34,16
38,17
38,18
39,19
38,20
38,21
38,22
39,23
39,24
38,25
26,26
38,27
38,28
39,29
39,30
39,31
39,32
38,33
34,34
39,35
38,36
38,37
38,38
39,39
39,40
38,41
42,42
38,43
39,44
38,45
38,46
34,47
38,48
51,50
51,51
59,52
38,53
38,54
53,55
51,56
53,57
58,58
59,59
38,0
38,1
38,2
38,3
39,4
34,5
6,6
7,7
8,8
38,9
39,10
39,11
39,12
38,13
38,14
34,15
39,16
39,17
38,18
38,19
39,20
38,21
38,22
39,23
39,24
26,25
26,26
38,27
39,28
38,29
39,30
39,31
39,32
38,33
34,34
39,35
39,36
38,37
38,38
39,39
38,40
51,41
42,42
39,43
39,44
38,45
39,46
34,47
38,48
53,49
53,50
51,51
53,52
53,53
51,54
53,55
53,56
53,57
58,58
59,59
38,0
39,1
38,2
38,3
38,4
26,5
6,6
7,7
8,8
39,9
39,10
39,11
39,12
34,13
38,14
7,15
34,16
38,17
38,18
38,19
51,20
38,21
38,22
38,23
39,24
26,25
26,26
38,27
38,28
39,29
39,30
39,31
39,32
38,33
34,34
39,35
38,36
38,37
38,38
39,39
38,40
51,41
42,42
38,43
38,44
38,45
39,46
40,47
38,48
53,49
53,50
51,51
53,52
53,53
38,54
53,55
53,56
53,57
59,58
59,59
39,0
38,1
38,2
38,3
39,4
34,5
39,6
7,7
8,8
38,9
39,10
39,11
39,12
38,13
38,14
38,15
39,16
38,17
38,18
38,19
38,20
38,21
38,22
38,23
39,24
26,25
26,26
38,27
38,28
39,29
38,30
39,31
39,32
38,33
34,34
38,35
38,36
38,37
38,38
39,39
38,40
7,41
42,42
38,43
38,44
38,45
39,46
34,47
39,48
49,49
53,50
51,51
53,52
53,53
38,54
53,55
53,56
53,57
59,58
59,59
39,0
39,1
39,2
38,3
39,4
34,5
38,6
7,7
8,8
39,9
38,10
38,11
39,12
38,13
34,14
38,15
34,16
38,17
38,18
39,19
30,20
38,21
38,22
38,23
39,24
26,25
26,26
38,27
39,28
38,29
39,30
38,31
39,32
39,33
34,34
39,35
38,36
38,37
38,38
39,39
38,40
50,41
42,42
38,43
38,44
38,45
38,46
34,47
38,48
51,49
50,50
51,51
53,52
51,53
51,54
53,55
51,56
38,57
58,58
59,59
38,0
39,1
38,2
38,3
39,4
34,5
39,6
7,7
8,8
38,9
38,10
39,11
39,12
38,13
38,14
38,15
39,16
38,17
38,18
38,19
39,20
38,21
38,22
38,23
38,24
26,25
26,26
38,27
39,28
39,29
39,30
39,31
39,32
39,33
34,34
39,35
38,36
38,37
38,38
39,39
38,40
38,41
42,42
38,43
34,44
38,45
39,46
26,47
38,48
59,49
51,50
51,51
38,52
53,53
38,54
51,55
59,56
53,57
58,58
59,59
38,0
38,1
38,2
38,3
39,4
34,5
38,6
7,7
38,8
38,9
38,10
38,11
38,12
30,13
6,14
38,15
34,16
38,17
38,18
38,19
34,20
6,21
38,22
39,23
39,24
26,25
26,26
38,27
39,28
38,29
38,30
39,31
38,32
39,33
34,34
38,35
38,36
38,37
38,38
39,39
38,40
38,41
26,42
38,43
38,44
38,45
39,46
26,47
38,48
38,49
50,50
51,51
39,52
38,53
51,54
53,55
59,56
53,57
58,58
59,59
38,0
39,1
39,2
38,3
39,4
34,5
39,6
7,7
8,8
38,9
39,10
39,11
39,12
34,13
38,14
34,15
39,16
38,17
38,18
38,19
38,20
38,21
38,22
39,23
38,24
26,25
26,26
38,27
39,28
39,29
39,30
39,31
39,32
38,33
34,34
39,35
38,36
38,37
38,38
39,39
38,40
49,41
42,42
38,43
7,44
38,45
39,46
38,47
38,48
51,49
50,50
51,51
53,52
53,53
51,54
53,55
59,56
53,57
59,58
59,59
38,0
39,1
38,2
38,3
39,4
34,5
6,6
7,7
8,8
38,9
38,10
38,11
38,12
38,13
38,14
38,15
34,16
38,17
38,18
38,19
39,20
38,21
38,22
38,23
38,24
26,25
26,26
38,27
39,28
38,29
39,30
39,31
39,32
39,33
34,34
39,35
38,36
39,37
38,38
39,39
38,40
49,41
42,42
38,43
38,44
38,45
38,46
34,47
38,48
51,49
51,50
51,51
53,52
53,53
51,54
53,55
59,56
53,57
59,58
59,59
38,0
38,1
38,2
38,3
39,4
34,5
38,6
7,7
8,8
38,9
38,10
39,11
38,12
38,13
38,14
38,16
38,17
38,18
38,19
38,20
38,21
38,22
39,23
39,24
38,25
26,26
38,27
38,28
39,29
39,30
39,31
38,32
38,33
34,34
38,35
38,36
38,37
38,38
39,39
38,40
38,41
7,42
38,43
34,44
34,45
38,46
38,47
38,48
38,49
50,50
51,51
38,52
38,53
38,54
53,55
38,56
38,57
58,58
59,59
38,0
39,1
38,2
38,3
39,4
39,5
6,6
7,7
8,8
39,9
38,10
38,11
39,12
34,13
38,14
38,15
34,16
38,17
38,18
39,19
38,20
30,21
38,22
26,23
38,24
26,25
26,26
38,27
39,28
38,29
39,30
39,31
39,32
39,33
34,34
39,35
38,36
38,37
38,38
39,39
38,40
34,41
42,42
38,43
38,44
39,45
38,46
40,47
38,48
51,49
53,50
51,51
38,52
53,53
53,55
59,56
53,57
58,58
59,59
38,0
38,1
38,2
38,3
39,4
34,5
6,6
7,7
8,8
38,9
38,10
38,11
39,12
34,13
34,14
6,15
34,16
38,17
38,18
39,19
39,20
38,21
38,22
38,23
38,24
26,25
26,26
38,27
39,28
39,29
39,30
39,31
39,32
39,33
34,34
39,35
38,36
38,37
38,38
39,39
38,40
34,41
42,42
38,43
38,44
38,45
38,46
40,47
38,48
38,49
51,50
51,51
53,52
53,53
39,55
38,56
39,57
58,58
59,59
38,0
39,1
38,2
38,3
38,4
34,5
6,6
7,7
8,8
38,9
38,10
38,11
39,12
34,13
38,14
38,15
30,16
38,17
38,18
39,19
39,20
38,21
38,22
39,23
38,24
26,25
26,26
38,27
39,28
39,29
39,30
39,31
39,32
38,33
34,34
39,35
38,36
38,37
38,38
39,39
38,40
34,41
42,42
38,43
38,44
38,45
38,46
26,47
38,48
51,49
53,50
51,51
38,52
53,53
38,54
53,55
51,56
53,57
58,58
59,59
38,0
39,1
38,2
38,3
39,4
34,5
6,6
7,7
8,8
39,9
38,10
39,11
39,12
38,13
38,14
34,15
34,16
38,17
38,18
39,19
39,20
38,21
38,22
38,23
38,24
26,25
26,26
38,27
38,28
39,29
39,30
39,31
39,32
38,33
34,34
39,35
38,36
38,37
39,38
39,39
38,40
34,41
42,42
38,43
38,44
38,45
38,46
7,47
38,48
51,49
53,50
51,51
38,52
53,53
59,54
53,55
51,56
53,57
58,58
59,59
38,0
39,1
38,2
38,3
38,4
26,5
39,6
7,7
8,8
38,9
38,10
38,11
39,12
34,13
38,14
34,15
34,16
38,17
38,18
38,19
39,20
38,21
38,22
38,23
38,24
26,25
26,26
38,27
39,28
38,29
39,30
39,31
39,32
39,33
34,34
39,35
38,36
38,37
38,38
39,39
38,40
34,41
42,42
38,43
38,44
38,45
38,46
34,47
38,48
51,49
53,50
51,51
38,52
53,53
51,54
53,55
59,56
53,57
59,58
59,59
38,0
39,1
39,2
38,3
39,4
34,5
6,6
7,7
8,8
39,9
39,10
39,11
39,12
34,13
38,14
34,15
38,16
38,17
38,18
38,19
39,20
38,21
38,22
38,23
38,24
26,25
26,26
38,27
38,28
39,29
30,30
39,31
39,32
38,33
34,34
39,35
38,36
39,37
39,38
39,39
38,40
34,41
42,42
38,43
38,44
34,45
38,46
34,47
38,48
51,49
53,50
51,51
38,52
53,53
38,54
53,55
59,56
38,57
58,58
59,59
