0,0
1,1
2,2
3,3
4,4
5,5
6,6
7,7
8,8
9,9
10,10
11,11
10,12
13,13
14,14
15,15
16,16
17,17
18,18
19,19
20,20
21,21
22,22
23,23
24,24
25,25
26,26
27,27
28,28
29,29
31,30
31,31
32,32
33,33
34,34
35,35
36,36
37,37
38,38
39,39
40,40
41,41
42,42
43,43
44,44
45,45
46,46
40,47
48,48
49,49
50,50
51,51
52,52
53,53
54,54
55,55
56,56
57,57
58,58
59,59
0,0
1,1
2,2
3,3
4,4
5,5
6,6
7,7
8,8
33,9
10,10
29,11
12,12
13,13
14,14
15,15
16,16
17,17
18,18
3,19
20,20
21,21
22,22
23,23
24,24
25,25
26,26
27,27
28,28
35,29
30,30
31,31
32,32
33,33
34,34
35,35
36,36
37,37
44,38
39,39
40,40
41,41
42,42
43,43
44,44
45,45
46,46
47,47
48,48
49,49
50,50
51,51
52,52
53,53
54,54
55,55
56,56
57,57
58,58
59,59
0,0
1,1
2,2
3,3
4,4
5,5
6,6
7,7
8,8
9,9
10,10
11,11
10,12
13,13
14,14
15,15
16,16
17,17
18,18
19,19
20,20
21,21
22,22
23,23
24,24
25,25
26,26
27,27
28,28
29,29
30,30
31,31
32,32
33,33
34,34
35,35
36,36
37,37
38,38
39,39
40,40
41,41
42,42
43,43
45,44
35,45
46,46
47,47
48,48
49,49
50,50
51,51
52,52
53,53
54,54
55,55
56,56
57,57
58,58
59,59
0,0
1,1
2,2
3,3
4,4
5,5
6,6
7,7
8,8
33,9
28,10
29,11
12,12
13,13
14,14
15,15
16,16
17,17
18,18
3,19
20,20
21,21
22,22
23,23
24,24
25,25
26,26
27,27
28,28
3,29
31,30
31,31
32,32
33,33
34,34
35,35
36,36
37,37
44,38
39,39
40,40
41,41
42,42
43,43
44,44
45,45
46,46
47,47
48,48
6,49
23,50
51,51
52,52
53,53
54,54
55,55
56,56
57,57
58,58
59,59
0,0
1,1
2,2
3,3
4,4
5,5
6,6
7,7
8,8
9,9
10,10
11,11
12,12
13,13
14,14
15,15
16,16
17,17
18,18
19,19
20,20
21,21
22,22
23,23
24,24
25,25
26,26
27,27
28,28
29,29
30,30
31,31
32,32
33,33
34,34
35,35
36,36
37,37
38,38
39,39
40,40
41,41
42,42
43,43
44,44
45,45
46,46
47,47
48,48
49,49
50,50
51,51
52,52
53,53
54,54
55,55
56,56
57,57
58,58
59,59
2,0
1,1
29,2
21,3
4,4
5,5
6,6
7,7
8,8
33,9
10,10
29,11
10,12
13,13
14,14
15,15
16,16
17,17
18,18
3,19
20,20
21,21
22,22
23,23
24,24
25,25
26,26
27,27
28,28
3,29
30,30
31,31
22,32
33,33
34,34
35,35
36,36
37,37
44,38
39,39
40,40
41,41
42,42
43,43
45,44
44,45
46,46
47,47
22,48
49,49
50,50
51,51
52,52
53,53
54,54
55,55
56,56
57,57
58,58
59,59
0,0
1,1
2,2
3,3
4,4
41,5
6,6
7,7
8,8
9,9
10,10
11,11
11,12
13,13
14,14
15,15
16,16
17,17
18,18
19,19
20,20
21,21
22,22
23,23
24,24
25,25
26,26
27,27
28,28
29,29
30,30
31,31
32,32
33,33
34,34
35,35
36,36
37,37
38,38
39,39
40,40
41,41
42,42
27,43
44,44
45,45
46,46
47,47
48,48
49,49
50,50
51,51
52,52
53,53
54,54
55,55
56,56
57,57
58,58
59,59
0,0
1,1
2,2
3,3
4,4
5,5
21,6
7,7
8,8
33,9
11,10
11,11
12,12
13,13
14,14
15,15
16,16
17,17
18,18
19,19
20,20
21,21
22,22
23,23
1,24
25,25
26,26
27,27
29,28
35,29
30,30
31,31
32,32
33,33
34,34
35,35
36,36
37,37
38,38
39,39
40,40
41,41
42,42
43,43
44,44
45,45
46,46
47,47
48,48
49,49
50,50
51,51
52,52
53,53
54,54
55,55
56,56
57,57
58,58
59,59
0,0
1,1
2,2
3,3
4,4
5,5
6,6
7,7
8,8
9,9
10,10
28,11
10,12
13,13
14,14
15,15
16,16
17,17
18,18
19,19
20,20
21,21
22,22
23,23
24,24
25,25
26,26
27,27
28,28
29,29
30,30
31,31
32,32
33,33
34,34
35,35
36,36
37,37
38,38
39,39
40,40
41,41
42,42
43,43
44,44
45,45
46,46
47,47
48,48
49,49
50,50
51,51
52,52
53,53
54,54
55,55
56,56
57,57
58,58
59,59
0,0
1,1
2,2
3,3
4,4
5,5
21,6
7,7
8,8
9,9
29,10
11,11
12,12
13,13
14,14
15,15
16,16
17,17
18,18
19,19
20,20
21,21
22,22
23,23
1,24
25,25
25,26
27,27
28,28
35,29
30,30
31,31
32,32
33,33
34,34
35,35
36,36
37,37
38,38
39,39
40,40
41,41
42,42
43,43
44,44
45,45
46,46
47,47
48,48
49,49
50,50
51,51
52,52
53,53
54,54
55,55
56,56
57,57
58,58
59,59
0,0
1,1
2,2
3,3
4,4
5,5
6,6
7,7
8,8
9,9
10,10
11,11
12,12
13,13
14,14
15,15
16,16
17,17
18,18
19,19
20,20
21,21
22,22
23,23
24,24
25,25
26,26
27,27
28,28
29,29
30,30
31,31
32,32
33,33
34,34
35,35
36,36
37,37
38,38
39,39
40,40
41,41
42,42
43,43
44,44
45,45
46,46
47,47
48,48
49,49
50,50
51,51
52,52
53,53
54,54
55,55
56,56
57,57
58,58
59,59
0,0
1,1
0,2
3,3
4,4
5,5
51,6
7,7
8,8
9,9
11,10
11,11
12,12
13,13
14,14
15,15
16,16
17,17
18,18
19,19
20,20
21,21
22,22
23,23
1,24
25,25
25,26
27,27
28,28
29,29
30,30
31,31
0,32
9,33
34,34
35,35
46,36
37,37
38,38
39,39
40,40
41,41
42,42
43,43
44,44
45,45
46,46
47,47
48,48
49,49
50,50
51,51
52,52
53,53
54,54
55,55
56,56
57,57
58,58
59,59
0,0
1,1
2,2
3,3
4,4
5,5
6,6
7,7
8,8
9,9
10,10
11,11
12,12
13,13
14,14
15,15
16,16
17,17
18,18
19,19
20,20
21,21
22,22
23,23
24,24
25,25
26,26
27,27
28,28
29,29
30,30
31,31
32,32
33,33
34,34
35,35
36,36
37,37
38,38
39,39
40,40
41,41
42,42
43,43
44,44
45,45
46,46
47,47
48,48
49,49
50,50
51,51
52,52
53,53
54,54
55,55
56,56
57,57
58,58
59,59
0,0
1,1
2,2
3,3
4,4
5,5
6,6
7,7
8,8
9,9
10,10
10,11
12,12
13,13
14,14
15,15
50,16
17,17
18,18
19,19
20,20
21,21
22,22
23,23
38,24
25,25
26,26
27,27
12,28
29,29
30,30
31,31
32,32
33,33
34,34
35,35
36,36
37,37
38,38
39,39
40,40
41,41
42,42
43,43
44,44
45,45
46,46
47,47
48,48
49,49
50,50
51,51
52,52
53,53
54,54
55,55
55,56
57,57
58,58
59,59
0,0
0,1
2,2
3,3
4,4
5,5
6,6
7,7
8,8
9,9
10,10
29,11
13,13
14,14
15,15
16,16
17,17
18,18
19,19
20,20
21,21
22,22
23,23
18,24
25,25
26,26
27,27
28,28
29,29
30,30
31,31
32,32
33,33
34,34
35,35
36,36
37,37
38,38
39,39
40,40
41,41
42,42
43,43
44,44
45,45
46,46
6,47
48,48
49,49
50,50
51,51
52,52
53,53
54,54
55,55
56,56
57,57
58,58
59,59
0,0
1,1
2,2
3,3
4,4
5,5
6,6
7,7
8,8
9,9
10,10
11,11
12,12
13,13
14,14
15,15
50,16
17,17
18,18
19,19
20,20
21,21
22,22
23,23
38,24
25,25
26,26
27,27
28,28
29,29
30,30
31,31
32,32
33,33
34,34
35,35
36,36
37,37
38,38
39,39
40,40
41,41
42,42
43,43
44,44
45,45
46,46
47,47
48,48
49,49
50,50
51,51
52,52
53,53
54,54
55,55
56,56
55,57
58,58
59,59
0,0
1,1
2,2
3,3
4,4
5,5
6,6
7,7
8,8
9,9
10,10
29,11
12,12
13,13
14,14
15,15
16,16
17,17
18,18
19,19
20,20
21,21
22,22
23,23
24,24
25,25
26,26
27,27
28,28
29,29
30,30
31,31
32,32
33,33
34,34
35,35
36,36
37,37
38,38
39,39
38,40
41,41
42,42
43,43
44,44
45,45
46,46
6,47
48,48
49,49
50,50
51,51
52,52
53,53
54,54
55,55
56,56
52,57
58,58
59,59
0,0
1,1
43,2
13,3
50,4
5,5
6,6
7,7
8,8
9,9
10,10
10,11
12,12
13,13
14,14
15,15
50,16
17,17
18,18
19,19
20,20
21,21
22,22
23,23
38,24
25,25
26,26
27,27
28,28
29,29
30,30
31,31
32,32
33,33
34,34
35,35
36,36
37,37
38,38
39,39
40,40
41,41
42,42
2,43
45,44
45,45
46,46
47,47
48,48
49,49
50,50
51,51
52,52
53,53
54,54
55,55
55,56
55,57
58,58
59,59
0,0
1,1
2,2
3,3
4,4
5,5
6,6
7,7
8,8
9,9
10,10
11,11
12,12
13,13
14,14
25,15
50,16
17,17
18,18
19,19
20,20
21,21
22,22
23,23
24,24
25,25
26,26
27,27
28,28
29,29
30,30
31,31
32,32
33,33
34,34
35,35
36,36
37,37
38,38
39,39
6,40
41,41
42,42
43,43
44,44
45,45
46,46
47,47
48,48
49,49
50,50
51,51
52,52
53,53
54,54
55,55
56,56
57,57
58,58
59,59
0,0
1,1
2,2
3,3
4,4
5,5
6,6
7,7
8,8
9,9
10,10
10,11
12,12
13,13
14,14
23,15
50,16
17,17
18,18
21,19
20,20
21,21
22,22
23,23
24,24
25,25
26,26
27,27
12,28
29,29
30,30
31,31
32,32
12,33
34,34
35,35
36,36
37,37
38,38
39,39
40,40
41,41
42,42
43,43
44,44
45,45
46,46
47,47
48,48
49,49
50,50
51,51
52,52
53,53
54,54
55,55
56,56
57,57
58,58
59,59
0,0
1,1
2,2
3,3
4,4
5,5
6,6
7,7
8,8
9,9
10,10
11,11
12,12
13,13
14,14
41,15
23,16
17,17
18,18
19,19
20,20
21,21
22,22
23,23
24,24
25,25
26,26
27,27
28,28
29,29
30,30
31,31
32,32
12,33
34,34
35,35
36,36
37,37
38,38
39,39
40,40
41,41
42,42
43,43
44,44
24,45
46,46
47,47
48,48
49,49
50,50
51,51
52,52
53,53
54,54
55,55
56,56
57,57
58,58
59,59
0,0
1,1
2,2
3,3
4,4
5,5
6,6
7,7
8,8
9,9
10,10
10,11
12,12
13,13
14,14
15,15
50,16
17,17
18,18
19,19
20,20
21,21
22,22
23,23
24,24
25,25
26,26
27,27
28,28
29,29
30,30
31,31
32,32
33,33
34,34
35,35
36,36
37,37
32,38
39,39
40,40
41,41
42,42
43,43
44,44
45,45
46,46
47,47
48,48
49,49
50,50
51,51
52,52
53,53
54,54
55,55
56,56
57,57
58,58
59,59
0,0
1,1
2,2
3,3
4,4
5,5
6,6
7,7
8,8
33,9
10,10
10,11
12,12
13,13
14,14
16,15
16,16
17,17
18,18
19,19
20,20
21,21
22,22
23,23
24,24
25,25
26,26
27,27
28,28
29,29
30,30
31,31
32,32
33,33
34,34
35,35
36,36
37,37
38,38
39,39
40,40
41,41
42,42
43,43
44,44
45,45
46,46
40,47
48,48
49,49
50,50
51,51
52,52
53,53
54,54
55,55
56,56
57,57
58,58
59,59
0,0
1,1
2,2
3,3
4,4
5,5
6,6
7,7
8,8
9,9
10,10
11,11
12,12
13,13
14,14
15,15
23,16
17,17
18,18
19,19
20,20
21,21
22,22
23,23
24,24
25,25
26,26
27,27
10,28
29,29
31,30
31,31
32,32
12,33
34,34
35,35
36,36
37,37
38,38
19,39
47,40
41,41
42,42
43,43
47,44
45,45
46,46
47,47
48,48
49,49
50,50
51,51
52,52
53,53
51,54
55,55
56,56
57,57
58,58
59,59
2,0
1,1
2,2
3,3
4,4
5,5
6,6
7,7
8,8
9,9
10,10
28,11
12,12
13,13
14,14
15,15
16,16
17,17
37,18
19,19
20,20
21,21
22,22
23,23
24,24
25,25
26,26
43,27
29,28
29,29
30,30
31,31
32,32
33,33
34,34
35,35
36,36
37,37
38,38
39,39
40,40
41,41
42,42
43,43
44,44
45,45
46,46
47,47
48,48
49,49
50,50
51,51
52,52
53,53
54,54
55,55
56,56
57,57
58,58
59,59
0,0
1,1
2,2
3,3
4,4
5,5
6,6
7,7
8,8
9,9
10,10
11,11
12,12
13,13
14,14
15,15
16,16
17,17
18,18
19,19
20,20
21,21
22,22
23,23
24,24
25,25
26,26
27,27
28,28
29,29
30,30
31,31
32,32
33,33
34,34
35,35
36,36
37,37
38,38
39,39
43,40
41,41
42,42
43,43
44,44
45,45
46,46
47,47
48,48
49,49
50,50
51,51
52,52
53,53
54,54
55,55
56,56
57,57
58,58
59,59
2,0
1,1
2,2
3,3
4,4
5,5
6,6
8,8
9,9
10,10
29,11
12,12
13,13
14,14
15,15
16,16
17,17
37,18
19,19
20,20
21,21
22,22
23,23
24,24
25,25
26,26
43,27
29,28
29,29
30,30
31,31
32,32
33,33
34,34
35,35
36,36
37,37
38,38
39,39
40,40
41,41
42,42
43,43
44,44
45,45
46,46
47,47
48,48
49,49
50,50
51,51
52,52
53,53
54,54
55,55
56,56
57,57
58,58
59,59
0,0
1,1
2,2
3,3
4,4
5,5
6,6
7,7
8,8
9,9
10,10
29,11
12,12
13,13
14,14
15,15
16,16
17,17
18,18
19,19
20,20
21,21
22,22
23,23
24,24
25,25
26,26
27,27
28,28
29,29
30,30
31,31
32,32
33,33
34,34
35,35
36,36
37,37
38,38
39,39
40,40
41,41
42,42
43,43
44,44
45,45
3,46
47,47
48,48
49,49
50,50
51,51
52,52
53,53
54,54
55,55
56,56
57,57
58,58
59,59
2,0
1,1
2,2
3,3
4,4
5,5
6,6
7,7
8,8
9,9
28,10
11,11
12,12
13,13
14,14
15,15
16,16
17,17
37,18
19,19
20,20
21,21
22,22
23,23
24,24
25,25
26,26
27,27
28,28
29,29
30,30
31,31
32,32
33,33
34,34
35,35
36,36
37,37
38,38
39,39
40,40
41,41
42,42
43,43
44,44
45,45
46,46
47,47
48,48
49,49
50,50
51,51
52,52
53,53
54,54
55,55
56,56
57,57
58,58
59,59
0,0
1,1
2,2
3,3
4,4
5,5
6,6
8,8
9,9
11,10
11,11
12,12
13,13
14,14
15,15
16,16
17,17
18,18
19,19
20,20
21,21
22,22
23,23
24,24
25,25
26,26
27,27
28,28
29,29
30,30
31,31
32,32
33,33
34,34
35,35
36,36
37,37
38,38
39,39
40,40
41,41
42,42
43,43
47,44
45,45
22,46
47,47
48,48
49,49
52,50
51,51
52,52
53,53
54,54
55,55
56,56
57,57
58,58
59,59
0,0
1,1
2,2
3,3
4,4
5,5
6,6
7,7
8,8
33,9
10,10
28,11
12,12
13,13
14,14
23,15
16,16
17,17
18,18
19,19
20,20
21,21
22,22
23,23
24,24
25,25
26,26
27,27
28,28
29,29
30,30
31,31
32,32
33,33
34,34
35,35
36,36
37,37
38,38
39,39
2,40
41,41
42,42
43,43
44,44
45,45
46,46
47,47
48,48
49,49
50,50
51,51
52,52
53,53
54,54
55,55
56,56
57,57
58,58
59,59
0,0
1,1
2,2
3,3
4,4
5,5
6,6
7,7
8,8
9,9
10,10
10,11
12,12
13,13
14,14
15,15
16,16
17,17
18,18
19,19
20,20
21,21
22,22
23,23
24,24
25,25
26,26
27,27
28,28
29,29
30,30
31,31
32,32
33,33
34,34
35,35
36,36
37,37
38,38
39,39
40,40
41,41
42,42
43,43
44,44
45,45
46,46
40,47
48,48
49,49
50,50
51,51
52,52
53,53
54,54
55,55
56,56
57,57
58,58
59,59
32,0
1,1
2,2
3,3
4,4
5,5
6,6
7,7
8,8
9,9
10,10
29,11
12,12
13,13
14,14
15,15
16,16
17,17
18,18
19,19
20,20
21,21
22,22
23,23
24,24
25,25
26,26
27,27
28,28
29,29
30,30
31,31
32,32
33,33
34,34
35,35
36,36
37,37
38,38
39,39
43,40
41,41
42,42
43,43
44,44
45,45
46,46
47,47
48,48
49,49
50,50
51,51
52,52
53,53
54,54
55,55
56,56
57,57
58,58
59,59
0,0
1,1
2,2
3,3
4,4
5,5
6,6
7,7
8,8
9,9
10,10
11,11
12,12
13,13
14,14
15,15
16,16
17,17
18,18
19,19
20,20
21,21
22,22
23,23
24,24
25,25
26,26
27,27
28,28
29,29
30,30
31,31
32,32
28,33
34,34
35,35
36,36
37,37
38,38
39,39
40,40
41,41
42,42
43,43
44,44
45,45
46,46
47,47
48,48
49,49
50,50
51,51
52,52
53,53
54,54
55,55
56,56
57,57
58,58
58,59
0,0
1,1
2,2
3,3
4,4
5,5
6,6
7,7
8,8
9,9
10,10
28,11
12,12
13,13
14,14
23,15
16,16
17,17
18,18
19,19
20,20
21,21
22,22
23,23
24,24
25,25
26,26
27,27
29,28
29,29
30,30
31,31
32,32
33,33
34,34
35,35
36,36
37,37
38,38
39,39
2,40
41,41
42,42
43,43
44,44
45,45
46,46
47,47
48,48
49,49
50,50
51,51
52,52
53,53
54,54
55,55
56,56
57,57
58,58
59,59
0,0
27,1
43,2
3,3
4,4
5,5
6,6
7,7
8,8
9,9
10,10
11,11
12,12
13,13
14,14
15,15
16,16
17,17
18,18
19,19
20,20
22,21
22,22
6,23
4,24
25,25
26,26
27,27
27,28
29,29
30,30
31,31
32,32
33,33
34,34
35,35
36,36
37,37
38,38
39,39
40,40
41,41
42,42
43,43
45,44
45,45
46,46
47,47
48,48
49,49
50,50
51,51
52,52
53,53
54,54
55,55
56,56
57,57
58,58
59,59
0,0
1,1
2,2
21,3
4,4
5,5
6,6
7,7
8,8
33,9
10,10
11,11
12,12
13,13
14,14
15,15
16,16
17,17
18,18
19,19
20,20
21,21
22,22
23,23
24,24
25,25
26,26
27,27
28,28
29,29
30,30
31,31
32,32
33,33
34,34
35,35
36,36
37,37
38,38
39,39
40,40
41,41
42,42
43,43
44,44
45,45
46,46
47,47
48,48
49,49
50,50
51,51
52,52
53,53
54,54
55,55
56,56
57,57
58,58
59,59
0,0
1,1
2,2
3,3
4,4
5,5
6,6
7,7
8,8
9,9
10,10
29,11
12,12
13,13
14,14
15,15
16,16
17,17
18,18
19,19
20,20
21,21
22,22
23,23
24,24
25,25
26,26
27,27
28,28
29,29
30,30
31,31
32,32
33,33
34,34
35,35
36,36
37,37
38,38
39,39
40,40
41,41
42,42
43,43
44,44
45,45
46,46
47,47
48,48
49,49
50,50
51,51
52,52
53,53
54,54
55,55
56,56
57,57
58,58
59,59
0,0
1,1
2,2
3,3
4,4
5,5
6,6
7,7
8,8
33,9
10,10
29,11
33,12
13,13
14,14
15,15
16,16
17,17
18,18
19,19
20,20
21,21
22,22
23,23
24,24
25,25
26,26
27,27
28,28
29,29
30,30
31,31
32,32
33,33
34,34
35,35
36,36
37,37
39,38
39,39
40,40
41,41
42,42
43,43
44,44
45,45
46,46
47,47
48,48
49,49
50,50
51,51
52,52
53,53
54,54
55,55
56,56
57,57
58,58
59,59
0,0
1,1
2,2
3,3
4,4
5,5
6,6
7,7
8,8
9,9
10,10
11,11
12,12
13,13
14,14
15,15
16,16
17,17
18,18
19,19
20,20
21,21
22,22
23,23
24,24
25,25
26,26
27,27
28,28
29,29
30,30
31,31
32,32
33,33
34,34
35,35
36,36
37,37
38,38
39,39
40,40
41,41
42,42
37,43
44,44
45,45
46,46
47,47
48,48
49,49
50,50
51,51
52,52
53,53
54,54
55,55
56,56
57,57
58,58
59,59
0,0
1,1
2,2
3,3
4,4
5,5
6,6
7,7
8,8
9,9
10,10
11,11
12,12
13,13
14,14
15,15
16,16
17,17
18,18
19,19
20,20
21,21
22,22
23,23
24,24
25,25
26,26
27,27
28,28
29,29
30,30
31,31
32,32
33,33
34,34
35,35
36,36
37,37
38,38
39,39
40,40
41,41
42,42
43,43
44,44
45,45
46,46
47,47
48,48
49,49
50,50
51,51
52,52
53,53
54,54
55,55
56,56
57,57
58,58
59,59
0,0
1,1
2,2
3,3
4,4
5,5
6,6
7,7
8,8
9,9
10,10
28,11
12,12
13,13
14,14
15,15
16,16
3,17
3,18
19,19
20,20
21,21
22,22
23,23
24,24
25,25
26,26
27,27
28,28
29,29
30,30
31,31
32,32
33,33
34,34
35,35
36,36
37,37
38,38
39,39
40,40
41,41
42,42
43,43
44,44
45,45
46,46
47,47
48,48
49,49
50,50
51,51
52,52
53,53
54,54
55,55
55,56
57,57
58,58
59,59
0,0
1,1
2,2
3,3
4,4
5,5
6,6
7,7
8,8
9,9
10,10
11,11
12,12
13,13
14,14
15,15
16,16
17,17
18,18
19,19
20,20
21,21
22,22
23,23
24,24
25,25
26,26
27,27
28,28
29,29
30,30
31,31
32,32
33,33
34,34
35,35
40,36
37,37
38,38
39,39
40,40
41,41
42,42
17,43
44,44
45,45
46,46
47,47
48,48
49,49
50,50
51,51
52,52
53,53
54,54
55,55
56,56
57,57
58,58
59,59
0,0
1,1
2,2
3,3
4,4
5,5
6,6
7,7
8,8
9,9
10,10
29,11
12,12
13,13
14,14
15,15
16,16
17,17
18,18
19,19
20,20
21,21
22,22
23,23
24,24
25,25
26,26
27,27
11,28
29,29
30,30
31,31
32,32
33,33
34,34
35,35
36,36
37,37
38,38
39,39
40,40
41,41
42,42
43,43
44,44
45,45
46,46
47,47
48,48
49,49
50,50
51,51
52,52
53,53
54,54
55,55
56,56
57,57
58,58
59,59
0,0
1,1
2,2
3,3
4,4
5,5
6,6
7,7
8,8
9,9
32,10
11,11
12,12
13,13
14,14
15,15
16,16
17,17
18,18
19,19
40,20
21,21
22,22
23,23
24,24
25,25
26,26
27,27
10,28
29,29
30,30
31,31
32,32
33,33
34,34
35,35
40,36
37,37
38,38
39,39
40,40
41,41
42,42
43,43
44,44
45,45
46,46
47,47
48,48
49,49
50,50
51,51
52,52
53,53
54,54
55,55
56,56
57,57
58,58
59,59
0,0
1,1
2,2
3,3
4,4
5,5
6,6
7,7
8,8
9,9
10,10
28,11
12,12
13,13
14,14
14,15
16,16
17,17
18,18
19,19
20,20
21,21
22,22
23,23
24,24
25,25
26,26
27,27
11,28
29,29
30,30
31,31
32,32
33,33
34,34
35,35
36,36
37,37
38,38
39,39
40,40
41,41
42,42
43,43
44,44
45,45
46,46
47,47
48,48
49,49
50,50
51,51
52,52
53,53
54,54
55,55
56,56
57,57
58,58
59,59
0,0
1,1
2,2
3,3
4,4
5,5
6,6
7,7
8,8
33,9
10,10
11,11
12,12
13,13
14,14
15,15
16,16
17,17
18,18
19,19
20,20
21,21
22,22
23,23
24,24
25,25
26,26
27,27
10,28
29,29
30,30
31,31
32,32
33,33
34,34
35,35
36,36
37,37
38,38
39,39
40,40
41,41
42,42
17,43
44,44
45,45
46,46
47,47
48,48
49,49
50,50
51,51
52,52
53,53
54,54
55,55
56,56
57,57
58,58
59,59
0,0
1,1
2,2
3,3
4,4
5,5
46,6
17,7
5,8
17,9
17,10
35,11
5,12
13,13
14,14
14,15
44,16
17,17
18,18
46,19
44,20
21,21
22,22
23,23
24,24
25,25
26,26
27,27
12,28
44,29
5,30
31,31
44,32
32,33
34,34
46,35
5,36
37,37
38,38
39,39
40,40
41,41
42,42
43,43
44,44
45,45
46,46
47,47
48,48
49,49
50,50
51,51
52,52
53,53
54,54
55,55
56,56
57,57
58,58
59,59
0,0
1,1
2,2
10,3
4,4
5,5
6,6
7,7
8,8
9,9
11,10
11,11
12,12
13,13
14,14
15,15
16,16
17,17
18,18
19,19
20,20
21,21
22,22
23,23
24,24
25,25
26,26
27,27
10,28
29,29
30,30
31,31
32,32
33,33
34,34
35,35
36,36
37,37
38,38
39,39
40,40
41,41
42,42
2,43
44,44
45,45
43,46
47,47
48,48
49,49
50,50
51,51
52,52
53,53
54,54
55,55
56,56
57,57
58,58
59,59
0,0
1,1
2,2
3,3
4,4
5,5
6,6
7,7
8,8
9,9
28,10
11,11
12,12
13,13
14,14
15,15
16,16
36,17
18,18
19,19
20,20
39,21
22,22
50,23
24,24
25,25
26,26
27,27
28,28
36,29
30,30
31,31
32,32
33,33
34,34
35,35
36,36
37,37
38,38
39,39
40,40
41,41
42,42
43,43
44,44
45,45
46,46
47,47
48,48
49,49
50,50
51,51
52,52
53,53
54,54
55,55
56,56
57,57
58,58
59,59
0,0
1,1
17,2
46,3
4,4
5,5
6,6
7,7
8,8
9,9
10,10
29,11
2,12
13,13
14,14
15,15
16,16
17,17
18,18
19,19
20,20
21,21
25,22
23,23
24,24
25,25
26,26
27,27
10,28
35,29
30,30
31,31
32,32
33,33
34,34
29,35
36,36
37,37
38,38
39,39
40,40
41,41
42,42
43,43
44,44
45,45
46,46
47,47
48,48
24,49
50,50
51,51
52,52
53,53
54,54
55,55
56,56
57,57
58,58
59,59
0,0
1,1
2,2
3,3
4,4
5,5
6,6
7,7
8,8
33,9
10,10
28,11
12,12
13,13
14,14
15,15
16,16
36,17
18,18
19,19
20,20
39,21
22,22
6,23
24,24
25,25
26,26
27,27
28,28
28,29
30,30
31,31
32,32
33,33
34,34
35,35
36,36
37,37
38,38
39,39
40,40
41,41
42,42
43,43
44,44
45,45
46,46
47,47
48,48
49,49
50,50
51,51
52,52
53,53
54,54
55,55
56,56
57,57
58,58
59,59
0,0
1,1
2,2
3,3
4,4
5,5
6,6
7,7
8,8
9,9
28,10
11,11
12,12
13,13
14,14
15,15
16,16
17,17
18,18
19,19
20,20
21,21
22,22
23,23
24,24
25,25
26,26
27,27
10,28
22,29
30,30
31,31
32,32
33,33
34,34
35,35
36,36
37,37
38,38
39,39
40,40
41,41
42,42
43,43
44,44
45,45
46,46
47,47
48,48
49,49
50,50
51,51
52,52
53,53
54,54
55,55
56,56
57,57
58,58
59,59
9,0
17,1
27,2
3,3
4,4
5,5
6,6
7,7
8,8
9,9
10,10
10,11
10,12
13,13
14,14
15,15
16,16
18,17
18,18
19,19
20,20
31,21
22,22
23,23
24,24
25,25
26,26
27,27
28,28
35,29
30,30
31,31
31,32
44,33
34,34
28,35
36,36
37,37
38,38
39,39
40,40
41,41
42,42
43,43
44,44
45,45
46,46
47,47
48,48
49,49
50,50
51,51
52,52
53,53
54,54
55,55
55,56
57,57
58,58
59,59
0,0
1,1
2,2
3,3
4,4
5,5
6,6
7,7
8,8
9,9
10,10
29,11
12,12
13,13
14,14
15,15
16,16
17,17
18,18
19,19
20,20
21,21
22,22
23,23
24,24
25,25
26,26
27,27
28,28
29,29
30,30
31,31
32,32
33,33
34,34
35,35
36,36
37,37
38,38
39,39
40,40
41,41
42,42
43,43
44,44
45,45
46,46
47,47
48,48
49,49
50,50
51,51
52,52
53,53
54,54
55,55
56,56
57,57
58,58
59,59
0,0
1,1
2,2
3,3
4,4
5,5
6,6
7,7
8,8
9,9
10,10
11,11
12,12
13,13
14,14
15,15
16,16
17,17
18,18
19,19
20,20
21,21
22,22
23,23
24,24
25,25
26,26
27,27
28,28
11,29
30,30
31,31
32,32
33,33
34,34
35,35
36,36
37,37
38,38
39,39
40,40
41,41
42,42
43,43
44,44
45,45
46,46
47,47
48,48
49,49
49,50
51,51
57,52
53,53
54,54
55,55
56,56
57,57
58,58
59,59
0,0
1,1
2,2
3,3
6,6
7,7
8,8
9,9
48,10
10,11
12,12
13,13
14,14
15,15
16,16
17,17
18,18
19,19
20,20
21,21
22,22
23,23
24,24
25,25
26,26
27,27
28,28
29,29
30,30
31,31
32,32
33,33
34,34
35,35
36,36
37,37
39,38
9,39
40,40
41,41
42,42
43,43
44,44
45,45
46,46
47,47
48,48
49,49
50,50
51,51
52,52
53,53
54,54
55,55
56,56
57,57
58,58
59,59
0,0
1,1
2,2
21,3
4,4
5,5
6,6
7,7
8,8
9,9
10,10
11,11
12,12
13,13
14,14
15,15
16,16
17,17
18,18
19,19
20,20
21,21
22,22
23,23
24,24
25,25
26,26
27,27
28,28
29,29
30,30
31,31
32,32
33,33
34,34
35,35
36,36
37,37
38,38
39,39
27,40
41,41
42,42
43,43
44,44
45,45
46,46
47,47
48,48
49,49
50,50
51,51
52,52
53,53
54,54
55,55
56,56
57,57
58,58
59,59
0,0
1,1
0,2
3,3
4,4
5,5
6,6
7,7
8,8
9,9
10,10
29,11
12,12
13,13
14,14
15,15
16,16
17,17
18,18
19,19
20,20
21,21
22,22
23,23
24,24
25,25
26,26
27,27
29,28
35,29
30,30
31,31
32,32
33,33
34,34
35,35
36,36
37,37
38,38
39,39
40,40
41,41
42,42
43,43
44,44
45,45
46,46
47,47
48,48
49,49
50,50
51,51
52,52
53,53
54,54
55,55
56,56
57,57
58,58
58,59
0,0
1,1
46,2
3,3
4,4
5,5
6,6
42,7
10,10
11,11
12,12
19,13
14,14
15,15
16,16
17,17
18,18
19,19
20,20
21,21
22,22
23,23
25,25
26,26
17,27
11,28
10,29
30,30
31,31
32,32
33,33
34,34
35,35
36,36
37,37
38,38
31,39
17,40
23,41
42,42
43,43
44,44
45,45
46,46
47,47
48,48
49,49
50,50
51,51
52,52
53,53
54,54
55,55
56,56
57,57
58,58
59,59
0,0
1,1
2,2
3,3
4,4
5,5
6,6
7,7
8,8
9,9
10,10
11,11
12,12
13,13
14,14
15,15
16,16
17,17
18,18
19,19
20,20
21,21
22,22
23,23
24,24
25,25
26,26
27,27
28,28
29,29
30,30
31,31
32,32
33,33
34,34
35,35
36,36
37,37
38,38
39,39
40,40
41,41
42,42
43,43
44,44
45,45
46,46
47,47
48,48
49,49
50,50
51,51
52,52
53,53
54,54
55,55
56,56
57,57
58,58
59,59
0,0
1,1
2,2
3,3
4,4
5,5
6,6
7,7
8,8
9,9
10,10
28,11
12,12
13,13
14,14
15,15
10,16
17,17
18,18
19,19
20,20
21,21
22,22
23,23
24,24
25,25
26,26
27,27
10,28
35,29
31,30
31,31
32,32
33,33
34,34
35,35
36,36
37,37
38,38
39,39
40,40
41,41
42,42
43,43
44,44
45,45
46,46
47,47
48,48
49,49
50,50
51,51
52,52
53,53
54,54
55,55
56,56
57,57
58,58
59,59
0,0
1,1
2,2
3,3
4,4
5,5
6,6
7,7
8,8
9,9
10,10
11,11
12,12
49,13
14,14
15,15
16,16
17,17
18,18
19,19
20,20
21,21
22,22
23,23
24,24
25,25
26,26
27,27
11,28
29,29
30,30
30,31
32,32
33,33
34,34
35,35
35,36
37,37
38,38
39,39
40,40
41,41
42,42
43,43
44,44
45,45
46,46
47,47
48,48
49,49
50,50
51,51
52,52
53,53
54,54
55,55
52,56
57,57
58,58
59,59
0,0
1,1
2,2
3,3
4,4
5,5
6,6
7,7
8,8
9,9
10,10
29,11
12,12
13,13
14,14
15,15
10,16
17,17
18,18
19,19
20,20
21,21
22,22
23,23
24,24
25,25
26,26
27,27
10,28
29,29
31,30
31,31
32,32
33,33
34,34
35,35
36,36
37,37
38,38
39,39
40,40
41,41
42,42
43,43
44,44
45,45
46,46
47,47
48,48
49,49
50,50
51,51
52,52
53,53
54,54
55,55
56,56
57,57
58,58
59,59
0,0
43,2
4,4
5,5
6,6
7,7
8,8
9,9
10,10
28,11
12,12
13,13
14,14
15,15
16,16
17,17
18,18
19,19
20,20
21,21
22,22
23,23
24,24
25,25
26,26
27,27
4,28
29,29
31,30
31,31
32,32
33,33
34,34
35,35
36,36
37,37
38,38
39,39
40,40
41,41
42,42
43,43
44,44
45,45
46,46
47,47
48,48
49,49
50,50
51,51
52,52
53,53
54,54
55,55
56,56
57,57
58,58
59,59
0,0
1,1
0,2
3,3
4,4
5,5
6,6
7,7
8,8
9,9
10,10
29,11
12,12
14,13
13,14
15,15
15,16
17,17
18,18
19,19
20,20
21,21
22,22
23,23
24,24
25,25
26,26
27,27
28,28
29,29
31,30
31,31
32,32
33,33
34,34
35,35
36,36
37,37
38,38
39,39
36,40
41,41
42,42
43,43
44,44
45,45
46,46
47,47
48,48
49,49
50,50
51,51
52,52
53,53
54,54
55,55
56,56
57,57
58,58
59,59
0,0
1,1
2,2
21,3
4,4
5,5
6,6
7,7
8,8
9,9
10,10
28,11
12,12
13,13
14,14
15,15
16,16
17,17
18,18
21,19
22,20
21,21
22,22
23,23
12,24
25,25
26,26
21,27
9,28
29,29
30,30
31,31
32,32
33,33
34,34
35,35
36,36
37,37
38,38
39,39
40,40
41,41
42,42
43,43
44,44
45,45
46,46
47,47
48,48
49,49
50,50
51,51
52,52
53,53
54,54
55,55
56,56
57,57
58,58
59,59
0,0
1,1
43,2
3,3
4,4
5,5
6,6
7,7
8,8
9,9
10,10
11,11
12,12
13,13
14,14
15,15
15,16
17,17
1,18
19,19
20,20
21,21
22,22
23,23
15,24
25,25
26,26
0,27
12,28
29,29
30,30
46,31
32,32
33,33
34,34
35,35
36,36
37,37
38,38
39,39
2,40
41,41
42,42
17,43
44,44
45,45
46,46
47,47
48,48
49,49
50,50
51,51
52,52
53,53
54,54
55,55
56,56
57,57
58,58
59,59
0,0
1,1
2,2
21,3
4,4
5,5
6,6
7,7
8,8
9,9
28,10
28,11
12,12
13,13
14,14
15,15
15,16
17,17
18,18
19,19
20,20
21,21
22,22
23,23
24,24
25,25
26,26
27,27
10,28
9,29
30,30
31,31
32,32
33,33
34,34
35,35
36,36
37,37
38,38
39,39
40,40
41,41
42,42
43,43
44,44
45,45
46,46
47,47
48,48
49,49
50,50
51,51
52,52
53,53
54,54
55,55
56,56
57,57
58,58
59,59
0,0
1,1
43,2
3,3
4,4
5,5
13,6
7,7
8,8
9,9
45,10
11,11
12,12
13,13
14,14
15,15
16,16
17,17
18,18
19,19
20,20
21,21
22,22
23,23
12,24
25,25
26,26
31,27
10,28
11,29
19,30
21,31
32,32
33,33
34,34
35,35
36,36
37,37
38,38
39,39
20,40
41,41
42,42
17,43
44,44
45,45
46,46
47,47
48,48
49,49
50,50
51,51
52,52
53,53
54,54
55,55
56,56
57,57
58,58
59,59
10,0
29,1
11,2
17,3
4,4
5,5
6,6
7,7
9,9
10,10
11,11
13,12
13,13
14,14
23,23
26,26
10,29
10,30
31,31
48,32
21,33
34,34
31,35
31,36
46,37
38,38
39,39
26,40
41,41
42,42
43,43
44,44
45,45
46,46
47,47
48,48
49,49
50,50
51,51
55,52
53,53
54,54
55,55
56,56
57,57
58,58
59,59
1,0
1,1
3,3
4,4
5,5
41,6
7,7
8,8
22,9
29,10
29,11
12,12
13,13
14,14
15,15
16,16
17,17
1,18
19,19
20,20
21,21
3,22
23,23
15,24
25,25
26,26
27,27
31,28
29,29
30,30
3,31
32,32
33,33
34,34
35,35
3,36
37,37
38,38
39,39
36,40
41,41
42,42
45,43
45,44
45,45
46,46
47,47
48,48
6,49
50,50
51,51
52,52
10,53
54,54
55,55
56,56
57,57
58,58
59,59
0,0
1,1
2,2
3,3
4,4
5,5
6,6
7,7
8,8
9,9
10,10
10,11
12,12
13,13
14,14
15,15
16,16
17,17
18,18
19,19
20,20
21,21
22,22
23,23
24,24
25,25
26,26
27,27
47,28
29,29
30,30
31,31
32,32
33,33
34,34
35,35
36,36
37,37
38,38
39,39
40,40
41,41
42,42
2,43
44,44
45,45
46,46
47,47
48,48
56,49
50,50
51,51
52,52
53,53
54,54
55,55
56,56
57,57
58,58
59,59
0,0
36,1
28,2
3,3
4,4
5,5
6,6
7,7
8,8
33,9
10,10
29,11
12,12
13,13
14,14
15,15
16,16
17,17
18,18
19,19
20,20
21,21
22,22
41,23
45,24
25,25
26,26
27,27
28,28
29,29
22,30
31,31
32,32
33,33
34,34
35,35
36,36
37,37
38,38
39,39
40,40
41,41
42,42
43,43
44,44
45,45
46,46
47,47
48,48
49,49
50,50
51,51
52,52
53,53
54,54
55,55
56,56
57,57
58,58
59,59
1,1
3,3
4,4
5,5
6,6
7,7
8,8
9,9
32,10
29,11
12,12
14,14
16,15
16,16
17,17
19,18
19,19
20,20
21,21
22,22
23,23
24,24
25,25
26,26
27,27
47,28
29,29
30,30
31,31
32,32
33,33
34,34
35,35
36,36
37,37
38,38
39,39
40,40
41,41
42,42
2,43
44,44
45,45
46,46
47,47
48,48
35,49
41,50
51,51
52,52
53,53
54,54
55,55
56,56
57,57
58,58
59,59
0,0
36,1
28,2
3,3
4,4
5,5
6,6
7,7
8,8
28,9
46,10
29,11
12,12
13,13
14,14
15,15
16,16
17,17
18,18
19,19
20,20
21,21
22,22
23,23
45,24
25,25
26,26
27,27
28,28
29,29
22,30
31,31
32,32
33,33
34,34
35,35
36,36
37,37
38,38
39,39
40,40
41,41
42,42
43,43
44,44
45,45
46,46
47,47
48,48
51,49
50,50
51,51
52,52
53,53
54,54
55,55
56,56
57,57
58,58
59,59
0,0
1,1
2,2
3,3
4,4
5,5
6,6
7,7
8,8
9,9
10,10
29,11
12,12
13,13
14,14
15,15
16,16
17,17
18,18
19,19
20,20
21,21
22,22
23,23
24,24
25,25
26,26
27,27
47,28
29,29
30,30
31,31
32,32
33,33
34,34
35,35
36,36
37,37
38,38
39,39
40,40
41,41
42,42
43,43
44,44
45,45
46,46
47,47
48,48
56,49
50,50
51,51
52,52
53,53
54,54
55,55
56,56
57,57
58,58
59,59
0,0
29,1
28,2
3,3
4,4
5,5
12,6
7,7
8,8
33,9
10,10
29,11
33,12
13,13
14,14
15,15
16,16
17,17
18,18
19,19
20,20
21,21
22,22
41,23
15,24
25,25
26,26
27,27
10,28
29,29
22,30
31,31
32,32
33,33
34,34
35,35
36,36
37,37
38,38
39,39
40,40
41,41
42,42
36,43
44,44
45,45
46,46
47,47
48,48
49,49
50,50
51,51
52,52
53,53
54,54
55,55
56,56
57,57
58,58
59,59
0,0
1,1
2,2
3,3
4,4
5,5
6,6
7,7
8,8
9,9
10,10
11,11
12,12
13,13
14,14
16,15
16,16
17,17
18,18
19,19
20,20
48,21
22,22
23,23
24,24
25,25
26,26
27,27
28,28
29,29
31,30
31,31
32,32
33,33
34,34
35,35
36,36
37,37
38,38
39,39
40,40
41,41
42,42
43,43
44,44
45,45
46,46
47,47
48,48
49,49
50,50
51,51
52,52
53,53
54,54
55,55
56,56
57,57
58,58
59,59
0,0
1,1
2,2
3,3
4,4
5,5
6,6
7,7
8,8
9,9
10,10
10,11
12,12
13,13
14,14
15,15
10,16
17,17
18,18
20,20
21,21
22,22
23,23
24,24
25,25
26,26
27,27
28,28
29,29
30,30
31,31
32,32
33,33
34,34
35,35
36,36
37,37
38,38
39,39
40,40
41,41
42,42
43,43
44,44
45,45
46,46
47,47
48,48
49,49
50,50
51,51
52,52
53,53
54,54
55,55
56,56
57,57
58,58
59,59
0,0
1,1
2,2
3,3
4,4
5,5
6,6
7,7
8,8
9,9
10,10
10,11
12,12
13,13
14,14
16,15
16,16
18,17
18,18
19,19
20,20
48,21
22,22
23,23
24,24
25,25
26,26
27,27
5,28
29,29
30,30
31,31
9,32
33,33
34,34
35,35
36,36
37,37
38,38
39,39
40,40
41,41
42,42
43,43
44,44
45,45
46,46
47,47
48,48
49,49
50,50
51,51
52,52
53,53
54,54
55,55
49,56
57,57
58,58
59,59
0,0
1,1
2,2
3,3
4,4
5,5
41,6
41,7
8,8
9,9
10,10
10,11
12,12
30,13
14,14
15,15
15,16
17,17
18,18
19,19
20,20
21,21
22,22
23,23
29,24
25,25
26,26
27,27
10,28
29,29
30,30
31,31
32,32
33,33
34,34
35,35
36,36
37,37
38,38
39,39
40,40
41,41
42,42
43,43
44,44
45,45
46,46
47,47
48,48
49,49
50,50
51,51
52,52
53,53
54,54
55,55
56,56
57,57
58,58
59,59
0,0
1,1
2,2
3,3
4,4
5,5
6,6
7,7
8,8
9,9
10,10
29,11
12,12
13,13
14,14
15,15
16,16
17,17
18,18
19,19
20,20
48,21
22,22
23,23
24,24
25,25
26,26
27,27
28,28
29,29
30,30
31,31
32,32
33,33
34,34
35,35
36,36
37,37
38,38
39,39
40,40
41,41
42,42
43,43
44,44
45,45
46,46
47,47
48,48
49,49
50,50
51,51
52,52
53,53
54,54
55,55
55,56
57,57
58,58
59,59
0,0
1,1
2,2
3,3
4,4
5,5
41,6
7,7
8,8
9,9
10,10
3,11
12,12
14,13
14,14
15,15
1,16
17,17
18,18
19,19
20,20
3,21
22,22
41,23
27,24
25,25
26,26
27,27
10,28
10,29
10,30
31,31
32,32
33,33
34,34
35,35
36,36
37,37
38,38
39,39
40,40
41,41
43,43
45,44
14,45
46,46
47,47
48,48
49,49
50,50
51,51
52,52
53,53
54,54
55,55
56,56
57,57
58,58
59,59
0,0
1,1
2,2
3,3
4,4
5,5
6,6
7,7
8,8
9,9
29,10
11,11
12,12
13,13
14,14
15,15
15,16
17,17
18,18
19,19
20,20
21,21
22,22
23,23
24,24
25,25
26,26
27,27
11,28
29,29
31,30
31,31
32,32
33,33
34,34
35,35
36,36
37,37
38,38
39,39
40,40
41,41
42,42
43,43
44,44
44,45
46,46
47,47
48,48
49,49
50,50
51,51
52,52
53,53
54,54
55,55
56,56
57,57
58,58
59,59
0,0
1,1
46,2
3,3
4,4
5,5
6,6
7,7
8,8
9,9
28,10
11,11
12,12
13,13
14,14
15,15
16,16
17,17
18,18
19,19
20,20
21,21
22,22
23,23
24,24
25,25
26,26
27,27
28,28
29,29
30,30
31,31
32,32
33,33
34,34
35,35
36,36
37,37
38,38
39,39
40,40
41,41
42,42
43,43
44,44
45,45
46,46
47,47
48,48
49,49
50,50
51,51
52,52
53,53
54,54
55,55
56,56
57,57
58,58
59,59
0,0
1,1
2,2
3,3
4,4
5,5
6,6
7,7
8,8
9,9
10,10
11,11
12,12
13,13
14,14
15,15
16,16
17,17
18,18
19,19
20,20
21,21
22,22
23,23
24,24
25,25
26,26
27,27
11,28
29,29
31,30
31,31
32,32
33,33
34,34
35,35
36,36
37,37
38,38
39,39
40,40
41,41
42,42
40,43
40,44
45,45
46,46
47,47
48,48
49,49
50,50
51,51
52,52
53,53
54,54
55,55
56,56
57,57
58,58
59,59
0,0
1,1
46,2
3,3
4,4
5,5
6,6
7,7
8,8
9,9
11,10
28,11
12,12
13,13
14,14
16,15
16,16
17,17
18,18
19,19
20,20
21,21
22,22
23,23
24,24
25,25
26,26
27,27
28,28
29,29
30,30
31,31
32,32
33,33
34,34
35,35
36,36
37,37
38,38
39,39
40,40
41,41
42,42
43,43
44,44
45,45
46,46
47,47
48,48
49,49
50,50
51,51
52,52
53,53
54,54
55,55
56,56
57,57
58,58
59,59
0,0
29,1
2,2
3,3
4,4
5,5
6,6
7,7
8,8
9,9
10,10
11,11
12,12
13,13
14,14
15,15
15,16
17,17
18,18
19,19
20,20
21,21
22,22
23,23
14,24
25,25
26,26
27,27
10,28
29,29
30,30
31,31
32,32
33,33
34,34
35,35
36,36
37,37
38,38
39,39
40,40
41,41
42,42
43,43
44,44
44,45
46,46
47,47
48,48
49,49
50,50
51,51
52,52
53,53
54,54
55,55
56,56
57,57
58,58
59,59
0,0
1,1
46,2
3,3
4,4
5,5
12,6
7,7
8,8
9,9
11,10
11,11
12,12
13,13
14,14
15,15
16,16
17,17
18,18
19,19
20,20
21,21
22,22
23,23
1,24
25,25
26,26
43,27
29,28
29,29
30,30
31,31
32,32
9,33
34,34
35,35
46,36
37,37
38,38
39,39
45,40
41,41
42,42
43,43
44,44
45,45
46,46
47,47
48,48
49,49
50,50
51,51
52,52
53,53
54,54
56,55
56,56
57,57
58,58
59,59
0,0
1,1
2,2
3,3
4,4
5,5
49,6
7,7
8,8
9,9
10,10
29,11
12,12
13,13
14,14
16,15
16,16
17,17
18,18
19,19
20,20
21,21
22,22
23,23
17,24
25,25
26,26
27,27
11,28
29,29
30,30
31,31
32,32
33,33
34,34
35,35
36,36
37,37
38,38
39,39
40,40
41,41
42,42
43,43
44,44
45,45
46,46
47,47
48,48
49,49
50,50
51,51
52,52
53,53
54,54
55,55
56,56
57,57
58,58
59,59
0,0
1,1
2,2
3,3
4,4
34,5
6,6
7,7
8,8
10,9
10,10
11,11
12,12
13,13
14,14
15,15
15,16
17,17
18,18
19,19
20,20
21,21
22,22
23,23
24,24
25,25
26,26
2,27
10,28
11,29
30,30
31,31
9,32
33,33
34,34
35,35
36,36
37,37
38,38
39,39
20,40
41,41
42,42
20,43
44,44
45,45
46,46
47,47
48,48
49,49
50,50
51,51
52,52
53,53
54,54
55,55
5,56
57,57
58,58
59,59
17,0
1,1
2,2
3,3
4,4
5,5
13,6
7,7
8,8
9,9
1,10
29,11
12,12
13,13
14,14
16,15
16,16
17,17
18,18
19,19
20,20
21,21
22,22
23,23
17,24
25,25
26,26
27,27
28,28
11,29
30,30
31,31
32,32
33,33
5,34
35,35
36,36
37,37
38,38
39,39
40,40
41,41
42,42
43,43
44,44
45,45
46,46
47,47
48,48
49,49
50,50
51,51
52,52
53,53
54,54
55,55
56,56
57,57
58,58
59,59
0,0
1,1
2,2
3,3
4,4
5,5
6,6
7,7
8,8
9,9
10,10
11,11
33,12
13,13
14,14
15,15
16,16
17,17
18,18
19,19
20,20
21,21
22,22
23,23
24,24
25,25
26,26
27,27
11,28
29,29
30,30
31,31
32,32
33,33
34,34
35,35
36,36
37,37
38,38
39,39
20,40
41,41
42,42
43,43
44,44
45,45
12,46
47,47
48,48
49,49
50,50
51,51
52,52
53,53
54,54
55,55
56,56
57,57
58,58
59,59
0,0
10,1
2,2
3,3
4,4
5,5
49,6
7,7
8,8
9,9
10,10
29,11
12,12
13,13
14,14
15,15
16,16
17,17
18,18
19,19
20,20
21,21
22,22
23,23
17,24
25,25
26,26
27,27
11,28
29,29
30,30
31,31
32,32
33,33
34,34
35,35
36,36
37,37
38,38
39,39
40,40
41,41
42,42
43,43
44,44
45,45
46,46
47,47
48,48
49,49
50,50
51,51
52,52
53,53
54,54
55,55
56,56
57,57
58,58
59,59
0,0
1,1
2,2
3,3
4,4
5,5
6,6
7,7
8,8
9,9
10,10
11,11
12,12
13,13
14,14
15,15
16,16
17,17
18,18
19,19
20,20
21,21
22,22
23,23
17,24
25,25
26,26
10,27
10,28
29,29
31,30
45,31
32,32
33,33
34,34
35,35
36,36
37,37
38,38
39,39
20,40
41,41
42,42
43,43
15,44
45,45
46,46
16,47
48,48
49,49
50,50
51,51
52,52
53,53
54,54
55,55
56,56
57,57
58,58
59,59
0,0
1,1
2,2
48,3
4,4
5,5
6,6
7,7
8,8
9,9
10,10
11,11
12,12
13,13
14,14
15,15
16,16
17,17
18,18
19,19
20,20
21,21
22,22
23,23
14,24
25,25
26,26
27,27
12,28
29,29
30,30
31,31
32,32
33,33
34,34
35,35
36,36
37,37
38,38
39,39
40,40
41,41
42,42
43,43
44,44
45,45
46,46
47,47
48,48
49,49
50,50
51,51
52,52
53,53
54,54
55,55
56,56
57,57
58,58
59,59
0,0
1,1
0,2
3,3
4,4
16,5
6,6
7,7
8,8
9,9
10,10
11,11
13,12
13,13
14,14
15,15
15,16
17,17
18,18
19,19
20,20
21,21
22,22
23,23
14,24
25,25
26,26
27,27
28,28
35,29
30,30
31,31
32,32
33,33
34,34
35,35
36,36
37,37
38,38
39,39
40,40
41,41
42,42
43,43
44,44
45,45
46,46
47,47
48,48
56,49
50,50
51,51
52,52
53,53
54,54
55,55
56,56
57,57
58,58
59,59
0,0
1,1
2,2
48,3
15,4
5,5
6,6
7,7
8,8
9,9
10,10
11,11
12,12
13,13
14,14
15,15
16,16
17,17
18,18
19,19
20,20
21,21
22,22
23,23
14,24
25,25
26,26
27,27
28,28
29,29
30,30
31,31
1,32
33,33
34,34
35,35
36,36
37,37
38,38
39,39
40,40
41,41
42,42
43,43
44,44
45,45
46,46
47,47
48,48
49,49
50,50
51,51
52,52
53,53
54,54
55,55
56,56
57,57
58,58
59,59
0,0
1,1
2,2
3,3
4,4
16,5
6,6
7,7
8,8
9,9
10,10
11,11
13,12
13,13
14,14
15,15
16,16
17,17
18,18
19,19
20,20
21,21
22,22
23,23
24,24
25,25
26,26
27,27
29,28
29,29
30,30
31,31
32,32
33,33
34,34
35,35
36,36
37,37
38,38
39,39
40,40
41,41
42,42
17,43
44,44
45,45
46,46
47,47
48,48
49,49
50,50
51,51
52,52
53,53
54,54
55,55
56,56
57,57
58,58
59,59
0,0
1,1
2,2
48,3
10,4
5,5
49,6
7,7
26,8
9,9
10,10
11,11
12,12
13,13
14,14
15,15
16,16
17,17
18,18
19,19
20,20
21,21
22,22
23,23
24,24
25,25
26,26
27,27
28,28
29,29
30,30
31,31
32,32
33,33
34,34
35,35
36,36
37,37
38,38
39,39
40,40
41,41
42,42
43,43
44,44
45,45
46,46
47,47
48,48
49,49
50,50
51,51
52,52
53,53
54,54
55,55
56,56
57,57
58,58
59,59
0,0
1,1
2,2
36,3
4,4
5,5
6,6
7,7
8,8
9,9
10,10
11,11
12,12
13,13
14,14
15,15
16,16
17,17
18,18
19,19
20,20
21,21
22,22
23,23
3,24
25,25
26,26
27,27
11,28
29,29
30,30
31,31
32,32
33,33
34,34
35,35
36,36
37,37
38,38
39,39
40,40
41,41
42,42
43,43
44,44
45,45
46,46
47,47
48,48
50,49
50,50
51,51
52,52
53,53
54,54
55,55
56,56
57,57
58,58
59,59
0,0
1,1
2,2
3,3
4,4
5,5
6,6
7,7
8,8
9,9
29,10
11,11
12,12
13,13
14,14
15,15
16,16
17,17
18,18
19,19
20,20
48,21
22,22
23,23
24,24
25,25
26,26
27,27
28,28
29,29
30,30
31,31
32,32
33,33
34,34
35,35
27,36
37,37
38,38
39,39
40,40
41,41
42,42
43,43
44,44
45,45
46,46
47,47
48,48
49,49
50,50
51,51
52,52
53,53
54,54
55,55
56,56
57,57
58,58
41,59
0,0
1,1
2,2
3,3
4,4
5,5
6,6
7,7
8,8
9,9
10,10
11,11
12,12
13,13
14,14
16,15
16,16
17,17
18,18
19,19
20,20
48,21
22,22
23,23
24,24
25,25
26,26
27,27
11,28
29,29
30,30
31,31
32,32
33,33
34,34
35,35
36,36
37,37
38,38
39,39
40,40
41,41
42,42
43,43
47,44
45,45
46,46
47,47
48,48
49,49
50,50
51,51
52,52
53,53
54,54
55,55
56,56
57,57
58,58
59,59
0,0
17,1
2,2
48,3
4,4
5,5
49,6
7,7
8,8
9,9
29,10
11,11
12,12
13,13
14,14
15,15
16,16
17,17
18,18
19,19
20,20
22,21
22,22
41,23
24,24
25,25
26,26
27,27
28,28
29,29
30,30
31,31
32,32
33,33
34,34
35,35
27,36
37,37
38,38
39,39
40,40
41,41
42,42
17,43
44,44
45,45
46,46
47,47
48,48
49,49
50,50
51,51
54,52
53,53
54,54
55,55
56,56
57,57
58,58
59,59
0,0
1,1
2,2
3,3
4,4
5,5
6,6
7,7
16,8
9,9
10,10
29,11
12,12
13,13
14,14
15,15
16,16
17,17
18,18
19,19
20,20
21,21
22,22
23,23
24,24
25,25
26,26
27,27
11,28
29,29
30,30
31,31
32,32
33,33
34,34
35,35
36,36
37,37
38,38
39,39
40,40
41,41
42,42
43,43
44,44
45,45
46,46
40,47
48,48
49,49
50,50
51,51
52,52
53,53
54,54
55,55
56,56
57,57
58,58
59,59
0,0
1,1
2,2
3,3
4,4
5,5
6,6
7,7
8,8
9,9
29,10
11,11
12,12
13,13
14,14
15,15
16,16
17,17
18,18
19,19
20,20
21,21
22,22
23,23
24,24
25,25
26,26
27,27
28,28
29,29
30,30
31,31
32,32
33,33
34,34
35,35
27,36
37,37
38,38
39,39
20,40
41,41
42,42
27,43
44,44
45,45
46,46
47,47
48,48
49,49
50,50
51,51
52,52
53,53
54,54
55,55
56,56
57,57
58,58
59,59
0,0
56,1
2,2
3,3
4,4
34,5
6,6
7,7
8,8
9,9
10,10
11,11
12,12
13,13
14,14
16,15
16,16
17,17
18,18
19,19
20,20
48,21
22,22
41,23
24,24
25,25
26,26
27,27
11,28
29,29
30,30
31,31
32,32
33,33
34,34
35,35
36,36
37,37
38,38
39,39
40,40
41,41
42,42
43,43
44,44
45,45
46,46
47,47
48,48
49,49
50,50
51,51
52,52
53,53
54,54
55,55
56,56
57,57
59,59
0,0
1,1
2,2
3,3
4,4
5,5
6,6
7,7
8,8
9,9
10,10
29,11
12,12
13,13
14,14
15,15
16,16
17,17
18,18
19,19
20,20
21,21
22,22
23,23
24,24
25,25
26,26
27,27
10,28
29,29
30,30
31,31
32,32
33,33
34,34
35,35
1,36
37,37
38,38
39,39
40,40
41,41
42,42
1,43
44,44
45,45
0,46
47,47
48,48
49,49
50,50
51,51
52,52
53,53
54,54
55,55
56,56
57,57
58,58
59,59
0,0
35,1
2,2
21,3
4,4
5,5
6,6
7,7
8,8
9,9
10,10
10,11
12,12
13,13
14,14
15,15
16,16
19,17
18,18
19,19
20,20
21,21
22,22
8,23
24,24
25,25
26,26
27,27
28,28
29,29
31,30
31,31
1,32
9,33
34,34
35,35
30,36
9,37
38,38
39,39
40,40
41,41
42,42
17,43
44,44
45,45
46,46
47,47
22,48
49,49
50,50
51,51
52,52
53,53
54,54
55,55
56,56
57,57
58,58
59,59
0,0
1,1
2,2
3,3
4,4
5,5
6,6
42,7
8,8
33,9
10,10
29,11
12,12
13,13
14,14
15,15
16,16
17,17
40,18
19,19
20,20
21,21
22,22
23,23
24,24
25,25
26,26
27,27
10,28
28,29
30,30
31,31
32,32
33,33
34,34
35,35
36,36
37,37
38,38
39,39
40,40
41,41
42,42
17,43
44,44
16,45
48,46
15,47
48,48
49,49
50,50
51,51
52,52
53,53
54,54
55,55
56,56
57,57
58,59
0,0
1,1
2,2
21,3
4,4
5,5
6,6
7,7
8,8
48,9
11,10
29,11
12,12
13,13
14,14
16,15
16,16
17,17
18,18
19,19
20,20
21,21
22,22
23,23
24,24
25,25
26,26
27,27
28,28
1,29
0,30
31,31
32,32
9,33
34,34
35,35
36,36
37,37
38,38
39,39
40,40
41,41
42,42
43,43
44,44
45,45
46,46
47,47
48,48
49,49
50,50
51,51
52,52
53,53
54,54
55,55
56,56
57,57
58,58
59,59
0,0
1,1
2,2
3,3
4,4
5,5
6,6
7,7
8,8
33,9
10,10
29,11
12,12
13,13
14,14
16,15
16,16
17,17
18,18
19,19
20,20
21,21
22,22
23,23
24,24
25,25
26,26
27,27
10,28
29,29
30,30
31,31
32,32
33,33
34,34
35,35
36,36
37,37
38,38
39,39
40,40
41,41
42,42
43,43
51,44
45,45
46,46
16,47
48,48
49,49
50,50
51,51
52,52
52,53
54,54
55,55
56,56
57,57
58,58
59,59
0,0
3,1
2,2
3,3
4,4
5,5
6,6
7,7
8,8
9,9
10,10
10,11
12,12
13,13
14,14
15,15
16,16
43,17
18,18
19,19
20,20
21,21
22,22
23,23
24,24
25,25
26,26
27,27
28,28
11,29
30,30
19,31
32,32
9,33
34,34
35,35
36,36
37,37
38,38
39,39
40,40
41,41
42,42
0,43
44,44
44,45
46,46
47,47
48,48
49,49
50,50
51,51
52,52
53,53
54,54
55,55
56,56
57,57
58,58
59,59
0,0
1,1
2,2
3,3
4,4
5,5
49,6
42,7
8,8
33,9
29,10
11,11
12,12
13,13
14,14
15,15
16,16
17,17
18,18
19,19
20,20
21,21
22,22
23,23
24,24
25,25
26,26
27,27
4,28
29,29
30,30
31,31
32,32
33,33
42,34
35,35
36,36
37,37
38,38
39,39
40,40
41,41
42,42
43,43
44,44
45,45
46,46
47,47
48,48
49,49
50,50
51,51
52,52
53,53
54,54
55,55
56,56
57,57
58,58
59,59
1,0
1,1
2,2
3,3
4,4
5,5
6,6
16,7
8,8
9,9
10,10
11,11
12,12
13,13
14,14
15,15
16,16
17,17
18,18
19,19
20,20
21,21
22,22
23,23
24,24
25,25
26,26
27,27
10,28
11,29
30,30
31,31
32,32
33,33
5,34
35,35
3,36
37,37
38,38
39,39
40,40
41,41
42,42
43,43
44,44
45,45
46,46
47,47
48,48
49,49
50,50
51,51
52,52
53,53
54,54
55,55
56,56
57,57
58,58
59,59
0,0
1,1
3,2
3,3
4,4
5,5
49,6
41,7
8,8
33,9
28,10
11,11
12,12
13,13
14,14
15,15
16,16
17,17
18,18
19,19
20,20
21,21
22,22
23,23
24,24
25,25
26,26
27,27
4,28
29,29
30,30
31,31
32,32
33,33
34,34
35,35
36,36
37,37
38,38
39,39
40,40
41,41
42,42
43,43
44,44
45,45
46,46
47,47
48,48
49,49
50,50
51,51
52,52
53,53
54,54
55,55
56,56
57,57
58,58
59,59
1,0
1,1
2,2
3,3
4,4
5,5
6,6
7,7
8,8
28,9
10,10
11,11
12,12
13,13
14,14
15,15
16,16
17,17
18,18
19,19
20,20
22,21
22,22
23,23
24,24
25,25
26,26
27,27
11,28
11,29
52,30
31,31
32,32
33,33
34,34
35,35
36,36
37,37
9,38
39,39
40,40
41,41
42,42
43,43
44,44
45,45
46,46
47,47
48,48
49,49
50,50
51,51
52,52
53,53
54,54
55,55
56,56
57,57
58,58
59,59
0,0
1,1
2,2
3,3
16,4
5,5
42,6
41,7
8,8
33,9
10,10
11,11
12,12
13,13
14,14
15,15
16,16
17,17
18,18
19,19
20,20
21,21
22,22
23,23
24,24
25,25
26,26
27,27
4,28
11,29
30,30
31,31
32,32
33,33
34,34
35,35
36,36
37,37
38,38
39,39
40,40
41,41
42,42
43,43
44,44
45,45
46,46
47,47
48,48
57,49
50,50
51,51
53,52
57,53
54,54
55,55
56,56
57,57
58,58
59,59
1,0
1,1
2,2
11,3
4,4
5,5
6,6
7,7
8,8
9,9
10,10
10,11
12,12
13,13
14,14
15,15
16,16
17,17
18,18
19,19
20,20
21,21
22,22
23,23
24,24
25,25
26,26
27,27
11,28
29,29
30,30
31,31
53,32
33,33
34,34
35,35
36,36
37,37
38,38
39,39
40,40
41,41
42,42
43,43
44,44
45,45
46,46
47,47
48,48
49,49
50,50
51,51
52,52
53,53
54,54
55,55
56,56
57,57
58,58
59,59
0,0
1,1
2,2
3,3
4,4
5,5
6,6
7,7
8,8
9,9
10,10
11,11
12,12
13,13
14,14
15,15
23,16
17,17
18,18
19,19
20,20
21,21
22,22
23,23
24,24
25,25
26,26
27,27
4,28
11,29
30,30
31,31
32,32
33,33
34,34
35,35
43,36
37,37
38,38
39,39
40,40
41,41
42,42
43,43
44,44
45,45
46,46
47,47
48,48
49,49
50,50
51,51
52,52
53,53
54,54
55,55
56,56
57,57
58,58
59,59
0,0
1,1
2,2
3,3
4,4
5,5
6,6
7,7
8,8
9,9
10,10
11,11
12,12
13,13
14,14
15,15
16,16
17,17
18,18
19,19
20,20
21,21
22,22
23,23
24,24
25,25
26,26
27,27
28,28
29,29
30,30
31,31
32,32
33,33
34,34
35,35
36,36
37,37
38,38
39,39
40,40
41,41
42,42
43,43
44,44
45,45
46,46
47,47
48,48
49,49
50,50
51,51
52,52
53,53
54,54
55,55
56,56
57,57
58,58
59,59
0,0
1,1
2,2
3,3
4,4
5,5
13,6
7,7
8,8
9,9
10,10
11,11
13,13
14,14
15,15
23,16
17,17
18,18
19,19
20,20
21,21
22,22
23,23
24,24
25,25
26,26
27,27
10,28
29,29
30,30
31,31
32,32
33,33
34,34
35,35
36,36
37,37
38,38
39,39
40,40
41,41
42,42
43,43
44,44
45,45
46,46
47,47
48,48
49,49
50,50
51,51
52,52
53,53
54,54
56,55
56,56
57,57
58,58
59,59
0,0
1,1
2,2
3,3
4,4
5,5
6,6
7,7
8,8
9,9
10,10
11,11
12,12
13,13
14,14
8,15
16,16
17,17
18,18
19,19
20,20
21,21
22,22
23,23
24,24
25,25
26,26
27,27
12,28
29,29
30,30
31,31
32,32
33,33
34,34
35,35
36,36
37,37
38,38
39,39
40,40
41,41
42,42
43,43
44,44
45,45
46,46
47,47
48,48
49,49
50,50
51,51
52,52
53,53
54,54
55,55
56,56
57,57
58,58
59,59
0,0
1,1
2,2
3,3
4,4
5,5
6,6
7,7
8,8
9,9
10,10
11,11
12,12
13,13
14,14
15,15
23,16
17,17
18,18
19,19
20,20
21,21
22,22
23,23
24,24
25,25
26,26
27,27
10,28
11,29
30,30
31,31
32,32
33,33
34,34
35,35
43,36
37,37
38,38
39,39
40,40
41,41
42,42
43,43
44,44
45,45
46,46
47,47
48,48
49,49
50,50
51,51
52,52
53,53
54,54
55,55
54,56
57,57
58,58
59,59
0,0
1,1
0,2
3,3
4,4
5,5
6,6
7,7
8,8
9,9
10,10
11,11
13,13
14,14
15,15
16,16
17,17
18,18
19,19
20,20
21,21
22,22
23,23
24,24
25,25
26,26
27,27
10,28
11,29
30,30
31,31
32,32
33,33
34,34
35,35
36,36
37,37
38,38
39,39
43,40
41,41
42,42
0,43
44,44
45,45
46,46
47,47
48,48
49,49
50,50
51,51
52,52
53,53
54,54
55,55
50,56
57,57
58,58
59,59
0,0
1,1
2,2
3,3
4,4
5,5
6,6
7,7
8,8
9,9
29,10
29,11
12,12
13,13
14,14
15,15
16,16
17,17
18,18
19,19
20,20
21,21
22,22
23,23
27,24
23,25
26,26
27,27
28,28
29,29
30,30
31,31
32,32
33,33
34,34
35,35
3,36
37,37
38,38
31,39
40,40
41,41
42,42
43,43
44,44
45,45
46,46
40,47
48,48
49,49
50,50
51,51
52,52
53,53
54,54
55,55
56,56
57,57
58,58
59,59
1,0
1,1
2,2
3,3
4,4
5,5
6,6
7,7
8,8
9,9
28,10
29,11
9,12
13,13
14,14
15,15
16,16
17,17
18,18
19,19
20,20
21,21
22,22
23,23
24,24
25,25
26,26
27,27
28,28
29,29
30,30
31,31
32,32
33,33
34,34
35,35
36,36
37,37
38,38
39,39
40,40
41,41
42,42
43,43
44,44
45,45
46,46
40,47
48,48
49,49
50,50
51,51
52,52
53,53
54,54
55,55
56,56
57,57
58,58
59,59
0,0
18,1
2,2
3,3
27,4
5,5
6,6
7,7
8,8
33,9
29,10
29,11
12,12
13,13
14,14
15,15
16,16
17,17
18,18
19,19
20,20
21,21
22,22
23,23
29,24
23,25
26,26
27,27
29,28
29,29
30,30
31,31
32,32
33,33
34,34
35,35
3,36
37,37
38,38
31,39
40,40
41,41
42,42
43,43
45,44
45,45
46,46
40,47
48,48
49,49
50,50
51,51
52,52
53,53
54,54
55,55
56,56
57,57
58,58
59,59
0,0
1,1
2,2
3,3
4,4
5,5
6,6
7,7
8,8
9,9
10,10
29,11
12,12
13,13
14,14
15,15
16,16
17,17
18,18
19,19
20,20
21,21
22,22
23,23
24,24
25,25
26,26
27,27
28,28
29,29
30,30
31,31
32,32
33,33
34,34
35,35
36,36
37,37
38,38
39,39
40,40
41,41
42,42
43,43
44,44
45,45
46,46
40,47
48,48
30,49
50,50
51,51
52,52
53,53
54,54
55,55
56,56
57,57
58,58
59,59
0,0
1,1
2,2
3,3
4,4
5,5
6,6
7,7
8,8
33,9
36,10
43,11
12,12
13,13
14,14
15,15
16,16
17,17
18,18
19,19
20,20
21,21
22,22
23,23
24,24
23,25
26,26
27,27
28,28
29,29
30,30
31,31
32,32
33,33
34,34
35,35
3,36
37,37
38,38
39,39
40,40
41,41
42,42
43,43
44,44
45,45
46,46
40,47
48,48
49,49
50,50
51,51
52,52
53,53
54,54
55,55
56,56
57,57
58,58
59,59
0,0
1,1
2,2
3,3
4,4
5,5
6,6
7,7
7,8
10,10
29,11
9,12
13,13
14,14
15,15
16,16
17,17
18,18
19,19
20,20
21,21
22,22
23,23
24,24
25,25
26,26
27,27
28,28
29,29
30,30
31,31
32,32
33,33
34,34
35,35
36,36
37,37
38,38
39,39
40,40
41,41
42,42
43,43
44,44
4,45
46,46
40,47
48,48
49,49
49,50
51,51
52,52
53,53
54,54
55,55
52,56
57,57
58,58
59,59
0,0
17,1
2,2
3,3
4,4
5,5
6,6
7,7
8,8
9,9
10,10
11,11
12,12
13,13
14,14
15,15
16,16
17,17
18,18
19,19
20,20
21,21
22,22
23,23
24,24
25,25
26,26
27,27
28,28
29,29
30,30
31,31
32,32
33,33
34,34
35,35
36,36
37,37
38,38
39,39
1,40
41,41
42,42
2,43
44,44
45,45
46,46
47,47
48,48
49,49
50,50
51,51
52,52
53,53
54,54
55,55
52,56
57,57
58,58
59,59
0,0
27,1
2,2
3,3
4,4
5,5
6,6
7,7
8,8
9,9
11,10
29,11
12,12
13,13
14,14
15,15
16,16
17,17
18,18
19,19
20,20
21,21
22,22
23,23
24,24
25,25
26,26
27,27
28,28
29,29
30,30
31,31
32,32
33,33
34,34
35,35
36,36
37,37
4,38
39,39
40,40
41,41
42,42
43,43
44,44
24,45
46,46
47,47
48,48
49,49
50,50
51,51
52,52
53,53
54,54
55,55
56,56
57,57
58,58
59,59
0,0
17,1
2,2
3,3
4,4
5,5
6,6
7,7
8,8
9,9
28,10
28,11
12,12
13,13
14,14
17,17
18,18
19,19
20,20
21,21
22,22
23,23
24,24
25,25
26,26
27,27
28,28
29,29
30,30
30,31
10,32
33,33
34,34
35,35
36,36
37,37
28,38
39,39
40,40
41,41
42,42
10,43
16,44
45,45
19,46
20,49
52,50
51,51
4,52
4,53
39,54
55,55
56,56
57,57
58,58
59,59
0,0
2,1
2,2
3,3
4,4
5,5
6,6
7,7
8,8
9,9
11,10
11,11
12,12
13,13
14,14
15,15
16,16
17,17
18,18
19,19
20,20
21,21
22,22
23,23
24,24
25,25
26,26
27,27
28,28
29,29
30,30
31,31
32,32
33,33
34,34
35,35
36,36
37,37
9,38
39,39
40,40
41,41
42,42
43,43
44,44
45,45
46,46
47,47
22,48
49,49
50,50
51,51
52,52
53,53
54,54
55,55
56,56
57,57
58,58
59,59
0,0
1,1
2,2
3,3
4,4
5,5
6,6
7,7
8,8
9,9
10,10
29,11
12,12
13,13
14,14
15,15
16,16
17,17
18,18
19,19
20,20
21,21
22,22
23,23
24,24
25,25
26,26
27,27
28,28
29,29
30,30
31,31
32,32
33,33
34,34
35,35
36,36
37,37
38,38
39,39
40,40
41,41
42,42
2,43
45,44
45,45
46,46
47,47
22,48
49,49
50,50
51,51
52,52
53,53
54,54
55,55
56,56
57,57
58,58
59,59
0,0
27,1
2,2
3,3
4,4
5,5
6,6
7,7
8,8
9,9
10,10
29,11
12,12
13,13
14,14
15,15
15,16
17,17
18,18
19,19
20,20
21,21
22,22
23,23
24,24
25,25
26,26
27,27
28,28
11,29
30,30
30,31
32,32
33,33
34,34
35,35
36,36
40,37
38,38
39,39
40,40
41,41
42,42
4,43
45,44
2,45
35,46
47,47
37,48
49,49
50,50
51,51
52,52
53,53
54,54
55,55
56,56
57,57
58,58
59,59
17,0
10,1
2,2
48,3
10,4
5,5
6,6
7,7
8,8
28,9
11,10
11,11
12,12
13,13
14,14
15,15
16,16
17,17
18,18
19,19
20,20
22,21
22,22
23,23
24,24
25,25
26,26
3,27
11,28
29,29
16,30
31,31
18,32
9,33
34,34
35,35
36,36
37,37
9,38
39,39
40,40
41,41
42,42
36,43
44,44
45,45
46,46
47,47
48,48
50,49
50,50
51,51
51,52
55,53
54,54
55,55
56,56
57,57
58,58
59,59
0,0
1,1
45,2
36,3
33,4
8,5
6,6
7,7
8,8
18,9
29,10
10,11
10,12
13,13
14,14
14,15
16,16
17,17
18,18
19,19
20,20
21,21
22,22
23,23
24,24
25,25
26,26
27,27
28,28
29,29
30,30
31,31
32,32
33,33
34,34
35,35
36,36
37,37
38,38
39,39
40,40
41,41
42,42
43,43
44,44
45,45
46,46
47,47
48,48
49,49
50,50
51,51
52,52
49,53
54,54
55,55
56,56
57,57
58,58
59,59
0,0
10,1
10,2
48,3
4,4
5,5
6,6
7,7
8,8
28,9
11,10
28,11
12,12
13,13
14,14
15,15
16,16
17,17
18,18
19,19
20,20
21,21
33,22
23,23
24,24
25,25
26,26
27,27
28,28
29,29
31,30
31,31
32,32
9,33
34,34
35,35
48,36
48,37
9,38
9,39
43,40
41,41
42,42
36,43
44,44
24,45
46,46
47,47
48,48
49,49
50,50
51,51
52,52
55,53
54,54
55,55
56,56
57,57
58,58
59,59
27,0
1,1
2,2
48,3
12,4
5,5
6,6
7,7
8,8
10,9
10,10
11,11
10,12
13,13
14,14
16,15
16,16
17,17
18,18
19,19
20,20
21,21
22,22
23,23
24,24
25,25
26,26
27,27
28,28
30,30
31,31
32,32
33,33
34,34
35,35
36,36
37,37
38,38
39,39
40,40
41,41
42,42
43,43
44,44
45,45
46,46
47,47
48,48
49,49
50,50
51,51
56,52
49,53
54,54
55,55
56,56
57,57
58,58
59,59
0,0
10,1
2,2
48,3
4,4
5,5
6,6
7,7
8,8
28,9
28,10
11,11
10,12
13,13
14,14
15,15
16,16
17,17
1,18
19,19
20,20
22,21
22,22
23,23
29,24
25,25
26,26
10,27
11,28
10,29
30,30
30,31
32,32
33,33
34,34
35,35
36,36
37,37
38,38
39,39
40,40
41,41
42,42
43,43
44,44
45,45
46,46
47,47
48,48
49,49
50,50
51,51
52,52
55,53
54,54
55,55
56,56
57,57
58,58
59,59
0,0
1,1
48,2
36,3
12,4
5,5
7,7
8,8
1,9
28,11
12,12
13,13
14,14
14,15
16,16
17,17
18,18
19,19
20,20
21,21
22,22
23,23
24,24
25,25
26,26
27,27
28,28
29,29
30,30
31,31
32,32
33,33
34,34
35,35
36,36
37,37
38,38
39,39
40,40
41,41
42,42
43,43
44,44
45,45
46,46
47,47
48,48
49,49
50,50
51,51
52,52
49,53
54,54
55,55
56,56
57,57
58,58
59,59
0,0
1,1
2,2
3,3
4,4
5,5
6,6
7,7
8,8
9,9
10,10
11,11
12,12
13,13
14,14
15,15
16,16
17,17
18,18
19,19
20,20
21,21
22,22
23,23
24,24
25,25
26,26
27,27
28,28
29,29
30,30
31,31
32,32
33,33
34,34
35,35
36,36
37,37
38,38
39,39
40,40
41,41
42,42
43,43
44,44
45,45
46,46
47,47
48,48
49,49
50,50
51,51
49,52
53,53
54,54
55,55
56,56
57,57
58,58
59,59
0,0
0,1
2,2
3,3
4,4
5,5
6,6
7,7
8,8
27,9
10,10
28,11
12,12
13,13
14,14
15,15
16,16
17,17
18,18
19,19
20,20
21,21
22,22
23,23
24,24
25,25
26,26
27,27
11,28
29,29
30,30
31,31
32,32
33,33
34,34
35,35
36,36
37,37
38,38
39,39
40,40
41,41
42,42
43,43
44,44
24,45
46,46
47,47
48,48
30,49
50,50
51,51
49,52
53,53
54,54
55,55
56,56
57,57
58,58
59,59
0,0
1,1
2,2
3,3
4,4
5,5
6,6
7,7
8,8
9,9
10,10
29,11
12,12
13,13
14,14
15,15
16,16
17,17
18,18
19,19
20,20
21,21
22,22
23,23
24,24
25,25
26,26
27,27
28,28
29,29
30,30
31,31
32,32
33,33
34,34
35,35
36,36
37,37
38,38
39,39
40,40
41,41
42,42
43,43
16,44
45,45
46,46
47,47
48,48
49,49
50,50
51,51
55,52
53,53
54,54
55,55
56,56
57,57
58,58
59,59
0,0
0,1
2,2
3,3
4,4
5,5
6,6
7,7
8,8
9,9
10,10
10,11
12,12
13,13
14,14
15,15
16,16
17,17
18,18
19,19
20,20
21,21
22,22
23,23
24,24
25,25
26,26
27,27
28,28
29,29
30,30
31,31
32,32
33,33
34,34
35,35
36,36
37,37
38,38
39,39
40,40
41,41
42,42
43,43
44,44
45,45
46,46
47,47
48,48
49,49
50,50
51,51
56,52
53,53
54,54
55,55
56,56
57,57
58,58
59,59
0,0
1,1
2,2
3,3
4,4
5,5
6,6
7,7
8,8
11,9
12,10
28,11
12,12
13,13
14,14
15,15
16,16
17,17
18,18
19,19
20,20
21,21
22,22
23,23
24,24
25,25
26,26
27,27
28,28
29,29
30,30
31,31
32,32
33,33
34,34
35,35
36,36
37,37
38,38
39,39
40,40
41,41
42,42
43,43
44,44
45,45
46,46
47,47
48,48
49,49
50,50
51,51
52,52
53,53
54,54
55,55
56,56
57,57
58,58
59,59
0,0
0,1
2,2
36,3
4,4
5,5
6,6
7,7
8,8
43,9
10,10
10,11
12,12
13,13
14,14
15,15
16,16
17,17
18,18
19,19
20,20
21,21
22,22
23,23
24,24
25,25
26,26
27,27
28,28
29,29
30,30
31,31
32,32
33,33
34,34
35,35
36,36
37,37
38,38
39,39
40,40
41,41
42,42
43,43
44,44
40,45
35,46
47,47
48,48
49,49
50,50
51,51
52,52
53,53
54,54
55,55
56,56
57,57
58,58
59,59
0,0
1,1
2,2
3,3
4,4
5,5
6,6
7,7
8,8
9,9
10,10
11,11
12,12
13,13
14,14
16,15
16,16
17,17
18,18
19,19
20,20
21,21
22,22
23,23
24,24
25,25
26,26
27,27
28,28
29,29
30,30
31,31
32,32
33,33
34,34
35,35
36,36
37,37
38,38
39,39
40,40
41,41
42,42
43,43
44,44
45,45
46,46
47,47
48,48
49,49
50,50
51,51
52,52
53,53
54,54
55,55
56,56
57,57
58,58
59,59
0,0
40,1
2,2
3,3
4,4
5,5
6,6
7,7
8,8
38,9
10,10
11,11
12,12
13,13
14,14
5,15
16,16
17,17
18,18
19,19
20,20
21,21
22,22
23,23
24,24
25,25
26,26
27,27
28,28
29,29
30,30
31,31
32,32
33,33
34,34
35,35
36,36
37,37
38,38
39,39
40,40
41,41
16,42
37,43
44,44
45,45
3,46
47,47
48,48
49,49
50,50
51,51
52,52
53,53
54,54
55,55
56,56
57,57
58,58
59,59
0,0
1,1
4,4
5,5
6,6
7,7
8,8
11,9
10,10
12,12
13,13
14,14
15,15
16,16
11,17
10,18
21,21
22,22
23,23
24,24
25,25
26,26
27,27
28,28
29,29
22,30
31,31
32,32
9,33
34,34
36,36
37,37
38,38
39,39
40,40
41,41
42,42
43,43
44,44
45,45
46,46
47,47
48,48
49,49
50,50
51,51
52,52
53,53
54,54
55,55
55,56
57,57
58,58
59,59
43,0
27,1
2,2
3,3
4,4
5,5
6,6
7,7
8,8
9,9
10,10
11,11
12,12
13,13
14,14
5,15
16,16
17,17
18,18
19,19
20,20
21,21
22,22
23,23
24,24
25,25
26,26
27,27
28,28
29,29
30,30
31,31
39,32
33,33
34,34
35,35
36,36
37,37
38,38
39,39
40,40
41,41
16,42
37,43
44,44
45,45
46,46
47,47
48,48
49,49
50,50
51,51
52,52
53,53
54,54
57,55
56,56
57,57
58,58
59,59
0,0
1,1
2,2
3,3
4,4
5,5
6,6
7,7
8,8
9,9
10,10
11,11
12,12
13,13
14,14
16,15
16,16
17,17
18,18
19,19
20,20
21,21
22,22
23,23
24,24
25,25
26,26
27,27
28,28
29,29
30,30
31,31
39,32
33,33
34,34
35,35
36,36
37,37
38,38
39,39
40,40
41,41
42,42
43,43
44,44
45,45
46,46
47,47
48,48
49,49
50,50
51,51
52,52
53,53
54,54
55,55
56,56
57,57
58,58
59,59
2,0
27,1
0,2
36,3
23,4
5,5
37,6
7,7
8,8
9,9
10,10
10,11
12,12
13,13
14,14
5,15
16,16
17,17
18,18
19,19
20,20
21,21
22,22
23,23
24,24
25,25
26,26
27,27
28,28
29,29
30,30
11,31
32,32
33,33
34,34
35,35
36,36
37,37
38,38
39,39
40,40
41,41
16,42
43,43
47,44
45,45
46,46
47,47
48,48
49,49
50,50
51,51
52,52
53,53
54,54
55,55
56,56
57,57
58,58
59,59
0,0
1,1
2,2
3,3
4,4
5,5
6,6
7,7
8,8
9,9
10,10
10,11
12,12
13,13
14,14
5,15
16,16
17,17
18,18
19,19
20,20
21,21
22,22
23,23
24,24
25,25
26,26
27,27
28,28
29,29
30,30
31,31
32,32
33,33
34,34
35,35
36,36
37,37
38,38
39,39
40,40
41,41
42,42
43,43
44,44
45,45
46,46
47,47
48,48
49,49
50,50
51,51
52,52
53,53
54,54
55,55
56,56
57,57
58,58
59,59
0,0
1,1
2,2
3,3
4,4
5,5
6,6
7,7
8,8
9,9
10,10
28,11
12,12
13,13
14,14
15,15
16,16
17,17
18,18
19,19
20,20
21,21
22,22
23,23
29,24
25,25
26,26
27,27
28,28
29,29
30,30
31,31
32,32
33,33
34,34
24,35
36,36
37,37
38,38
39,39
40,40
41,41
42,42
43,43
44,44
44,45
46,46
47,47
48,48
49,49
50,50
51,51
52,52
53,53
54,54
55,55
56,56
57,57
58,58
59,59
0,0
1,1
2,2
3,3
4,4
5,5
6,6
7,7
8,8
9,9
10,10
10,11
12,12
13,13
14,14
16,15
16,16
17,17
18,18
19,19
20,20
21,21
22,22
23,23
24,24
25,25
26,26
27,27
28,28
29,29
30,30
31,31
32,32
33,33
34,34
35,35
36,36
37,37
38,38
38,39
40,40
41,41
42,42
43,43
44,44
45,45
46,46
47,47
48,48
49,49
50,50
51,51
52,52
53,53
54,54
55,55
56,56
57,57
58,58
59,59
0,0
1,1
2,2
3,3
4,4
5,5
6,6
7,7
8,8
9,9
10,10
29,11
12,12
13,13
14,14
15,15
15,16
17,17
18,18
19,19
20,20
21,21
22,22
23,23
24,24
25,25
26,26
27,27
28,28
29,29
30,30
31,31
32,32
33,33
34,34
35,35
40,36
37,37
38,38
39,39
40,40
16,41
42,42
43,43
44,44
45,45
46,46
47,47
48,48
49,49
50,50
51,51
52,52
53,53
54,54
55,55
56,56
57,57
58,58
59,59
0,0
1,1
2,2
3,3
4,4
5,5
6,6
7,7
8,8
9,9
10,10
11,11
12,12
13,13
14,14
16,15
16,16
17,17
18,18
19,19
20,20
21,21
22,22
23,23
24,24
25,25
26,26
27,27
29,28
29,29
30,30
31,31
32,32
33,33
34,34
35,35
36,36
37,37
38,38
38,39
40,40
41,41
42,42
43,43
44,44
45,45
43,46
47,47
48,48
49,49
50,50
51,51
52,52
53,53
54,54
55,55
56,56
57,57
59,59
1,0
1,1
2,2
3,3
4,4
5,5
6,6
7,7
8,8
9,9
10,10
11,11
12,12
13,13
14,14
15,15
15,16
17,17
18,18
19,19
20,20
21,21
22,22
45,23
4,24
25,25
26,26
27,27
28,28
11,29
30,30
31,31
38,32
33,33
34,34
24,35
36,36
37,37
38,38
38,39
40,40
41,41
42,42
43,43
44,44
45,45
4,46
47,47
48,48
49,49
50,50
50,51
52,52
53,53
54,54
55,55
56,56
57,57
58,58
59,59
43,0
1,1
2,2
3,3
4,4
5,5
6,6
7,7
8,8
9,9
10,10
28,11
12,12
13,13
14,14
16,15
16,16
17,17
18,18
19,19
20,20
21,21
22,22
23,23
24,24
25,25
26,26
27,27
11,28
29,29
30,30
31,31
32,32
33,33
34,34
35,35
36,36
37,37
38,38
39,39
40,40
41,41
42,42
43,43
44,44
45,45
46,46
47,47
48,48
49,49
50,50
51,51
52,52
53,53
54,54
55,55
56,56
57,57
58,58
59,59
0,0
1,1
15,2
3,3
4,4
5,5
6,6
7,7
8,8
9,9
11,10
11,11
12,12
13,13
14,14
15,15
16,16
3,17
20,18
19,19
20,20
21,21
22,22
23,23
24,24
25,25
26,26
27,27
28,28
29,29
30,30
31,31
32,32
33,33
34,34
35,35
36,36
37,37
38,38
39,39
40,40
41,41
42,42
43,43
44,44
45,45
46,46
47,47
48,48
49,49
50,50
51,51
52,52
53,53
54,54
55,55
52,56
57,57
58,58
59,59
0,0
1,1
2,2
3,3
28,4
5,5
6,6
7,7
8,8
9,9
10,10
11,11
12,12
13,13
14,14
16,15
16,16
17,17
18,18
19,19
20,20
21,21
22,22
23,23
24,24
25,25
26,26
27,27
11,28
29,29
30,30
31,31
32,32
33,33
34,34
35,35
36,36
37,37
38,38
39,39
40,40
41,41
42,42
43,43
44,44
24,45
46,46
47,47
48,48
49,49
50,50
51,51
52,52
53,53
54,54
55,55
56,56
56,57
58,58
59,59
0,0
1,1
43,2
3,3
4,4
5,5
6,6
7,7
8,8
9,9
10,10
11,11
12,12
13,13
14,14
15,15
15,16
3,17
20,18
19,19
20,20
21,21
22,22
23,23
24,24
25,25
26,26
27,27
28,28
29,29
30,30
31,31
32,32
33,33
34,34
35,35
36,36
37,37
38,38
39,39
40,40
41,41
42,42
43,43
44,44
45,45
46,46
47,47
48,48
49,49
50,50
51,51
52,52
53,53
54,54
55,55
56,56
57,57
58,58
59,59
43,0
1,1
2,2
3,3
4,4
5,5
6,6
7,7
8,8
9,9
11,10
28,11
12,12
13,13
14,14
16,15
16,16
17,17
18,18
19,19
20,20
21,21
22,22
23,23
24,24
25,25
26,26
27,27
28,28
29,29
30,30
31,31
32,32
33,33
34,34
35,35
36,36
37,37
38,38
39,39
40,40
41,41
42,42
43,43
44,44
45,45
46,46
47,47
48,48
49,49
50,50
51,51
52,52
53,53
54,54
55,55
56,56
55,57
58,58
59,59
0,0
1,1
43,2
3,3
4,4
5,5
6,6
7,7
8,8
28,9
11,10
11,11
12,12
13,13
14,14
15,15
16,16
46,17
18,18
19,19
20,20
21,21
22,22
23,23
24,24
25,25
26,26
27,27
11,28
29,29
30,30
31,31
32,32
33,33
34,34
35,35
36,36
37,37
38,38
39,39
40,40
41,41
42,42
43,43
44,44
45,45
46,46
47,47
48,48
49,49
50,50
51,51
52,52
53,53
54,54
55,55
57,57
58,58
58,59
0,0
1,1
2,2
3,3
4,4
5,5
6,6
7,7
8,8
9,9
28,10
29,11
12,12
13,13
14,14
15,15
16,16
17,17
18,18
19,19
20,20
21,21
22,22
23,23
24,24
25,25
26,26
46,27
33,28
28,29
27,30
31,31
32,32
33,33
34,34
35,35
36,36
37,37
38,38
39,39
40,40
41,41
42,42
43,43
44,44
45,45
46,46
47,47
48,48
49,49
50,50
51,51
52,52
53,53
54,54
55,55
56,56
57,57
58,58
59,59
0,0
1,1
2,2
3,3
4,4
5,5
6,6
7,7
8,8
9,9
10,10
11,11
12,12
13,13
14,14
15,15
16,16
17,17
18,18
19,19
20,20
21,21
22,22
23,23
24,24
25,25
26,26
27,27
28,28
29,29
30,30
31,31
32,32
33,33
34,34
35,35
36,36
37,37
38,38
39,39
40,40
41,41
5,42
43,43
44,44
45,45
46,46
44,47
48,48
49,49
50,50
51,51
52,52
53,53
54,54
55,55
56,56
57,57
58,58
59,59
0,0
1,1
2,2
3,3
10,4
5,5
6,6
7,7
8,8
9,9
28,10
29,11
12,12
13,13
14,14
15,15
16,16
17,17
18,18
19,19
20,20
21,21
22,22
23,23
24,24
25,25
26,26
43,27
28,28
28,29
31,30
31,31
32,32
33,33
34,34
35,35
36,36
37,37
38,38
39,39
43,40
41,41
42,42
43,43
44,44
45,45
46,46
40,47
48,48
49,49
50,50
51,51
52,52
53,53
54,54
55,55
56,56
57,57
58,58
59,59
0,0
1,1
43,2
3,3
4,4
5,5
6,6
7,7
8,8
9,9
10,10
28,11
12,12
13,13
14,14
15,15
16,16
17,17
18,18
19,19
20,20
21,21
22,22
23,23
24,24
25,25
26,26
27,27
29,28
29,29
53,30
31,31
32,32
33,33
34,34
35,35
36,36
37,37
38,38
39,39
40,40
41,41
42,42
43,43
44,44
45,45
46,46
44,47
48,48
49,49
50,50
51,51
52,52
53,53
54,54
55,55
56,56
57,57
58,58
59,59
0,0
1,1
43,2
3,3
4,4
5,5
6,6
7,7
8,8
9,9
10,10
11,11
12,12
13,13
14,14
15,15
15,16
17,17
18,18
19,19
20,20
21,21
22,22
23,23
24,24
25,25
26,26
27,27
28,28
28,29
30,30
31,31
32,32
33,33
34,34
35,35
36,36
37,37
38,38
39,39
40,40
41,41
42,42
43,43
44,44
45,45
46,46
47,47
48,48
49,49
50,50
51,51
52,52
53,53
54,54
55,55
56,56
57,57
58,58
59,59
0,0
24,1
2,2
43,3
4,4
5,5
6,6
7,7
8,8
9,9
10,10
28,11
12,12
13,13
14,14
16,15
16,16
17,17
18,18
19,19
20,20
21,21
22,22
23,23
2,24
25,25
26,26
27,27
28,28
29,29
30,30
31,31
32,32
33,33
34,34
35,35
36,36
37,37
38,38
39,39
40,40
41,41
42,42
35,43
4,44
45,45
46,46
47,47
48,48
49,49
50,50
51,51
52,52
53,53
54,54
55,55
56,56
57,57
58,58
59,59
0,0
1,1
2,2
3,3
4,4
5,5
6,6
7,7
8,8
9,9
10,10
10,11
12,12
13,13
14,14
15,15
15,16
17,17
18,18
19,19
20,20
48,21
22,22
23,23
24,24
25,25
26,26
27,27
28,28
29,29
30,30
31,31
32,32
33,33
34,34
35,35
36,36
37,37
38,38
39,39
47,40
41,41
42,42
43,43
44,44
45,45
46,46
34,47
48,48
49,49
50,50
51,51
52,52
53,53
54,54
55,55
56,56
57,57
58,58
58,59
0,0
1,1
43,2
3,3
10,4
5,5
6,6
7,7
8,8
9,9
11,10
11,11
12,12
13,13
14,14
15,15
15,16
17,17
18,18
19,19
20,20
21,21
22,22
23,23
24,24
25,25
26,26
27,27
28,28
29,29
30,30
31,31
32,32
33,33
34,34
35,35
36,36
37,37
38,38
39,39
47,40
41,41
42,42
43,43
44,44
45,45
46,46
47,47
48,48
49,49
50,50
51,51
52,52
53,53
54,54
55,55
56,56
57,57
58,58
59,59
0,0
1,1
27,2
48,3
4,4
5,5
6,6
7,7
8,8
9,9
28,10
29,11
12,12
13,13
14,14
15,15
15,16
17,17
18,18
19,19
20,20
48,21
22,22
23,23
24,24
25,25
26,26
27,27
28,28
29,29
30,30
31,31
32,32
33,33
34,34
35,35
36,36
37,37
38,38
39,39
47,40
41,41
42,42
43,43
44,44
45,45
46,46
47,47
48,48
49,49
50,50
51,51
52,52
53,53
54,54
55,55
56,56
57,57
58,58
59,59
0,0
1,1
40,2
3,3
4,4
5,5
6,6
7,7
8,8
9,9
11,10
29,11
12,12
13,13
14,14
15,15
15,16
17,17
18,18
19,19
20,20
21,21
22,22
23,23
24,24
25,25
26,26
27,27
28,28
29,29
6,30
31,31
32,32
33,33
47,34
35,35
36,36
37,37
38,38
39,39
47,40
41,41
42,42
43,43
44,44
45,45
46,46
47,47
48,48
49,49
50,50
51,51
52,52
53,53
54,54
55,55
56,56
57,57
58,58
59,59
0,0
1,1
36,2
3,3
4,4
5,5
6,6
7,7
8,8
9,9
11,10
28,11
12,12
13,13
14,14
15,15
15,16
17,17
18,18
19,19
20,20
21,21
22,22
23,23
24,24
25,25
26,26
27,27
11,28
10,29
6,30
31,31
32,32
33,33
34,34
35,35
36,36
37,37
38,38
39,39
47,40
41,41
42,42
43,43
44,44
45,45
46,46
34,47
48,48
49,49
50,50
51,51
52,52
53,53
54,54
55,55
56,56
57,57
58,58
59,59
0,0
1,1
43,2
3,3
29,4
5,5
6,6
7,7
8,8
9,9
10,10
11,11
12,12
14,13
14,14
15,15
15,16
24,17
18,18
19,19
20,20
21,21
22,22
23,23
24,24
25,25
26,26
27,27
11,28
11,29
30,30
31,31
32,32
33,33
34,34
35,35
36,36
37,37
39,38
39,39
47,40
41,41
42,42
43,43
44,44
45,45
36,46
47,47
48,48
49,49
50,50
51,51
52,52
53,53
54,54
55,55
56,56
57,57
58,58
59,59
0,0
1,1
2,2
3,3
4,4
5,5
6,6
7,7
8,8
9,9
10,10
11,11
12,12
13,13
14,14
15,15
16,16
17,17
18,18
19,19
20,20
21,21
2,22
23,23
24,24
25,25
26,26
27,27
28,28
11,29
0,30
30,31
32,32
33,33
34,34
35,35
36,36
37,37
38,38
39,39
40,40
41,41
42,42
43,43
44,44
45,45
46,46
47,47
48,48
49,49
50,50
51,51
52,52
53,53
54,54
55,55
56,56
57,57
58,58
59,59
0,0
18,1
43,2
3,3
4,4
5,5
6,6
7,7
8,8
9,9
10,10
10,11
12,12
13,13
14,14
15,15
15,16
17,17
36,18
19,19
20,20
21,21
22,22
23,23
24,24
25,25
26,26
27,27
28,28
10,29
31,30
31,31
28,32
33,33
34,34
35,35
36,36
1,37
38,38
39,39
40,40
41,41
42,42
43,43
44,44
45,45
46,46
47,47
48,48
49,49
50,50
51,51
52,52
53,53
54,54
55,55
56,56
57,57
58,58
59,59
0,0
1,1
2,2
3,3
4,4
5,5
6,6
7,7
8,8
28,9
10,10
12,12
13,13
14,14
15,15
16,16
17,17
18,18
19,19
20,20
21,21
22,22
23,23
24,24
25,25
26,26
27,27
28,28
29,29
0,30
30,31
32,32
29,33
34,34
35,35
36,36
37,37
38,38
39,39
40,40
41,41
42,42
43,43
44,44
45,45
46,46
47,47
48,48
49,49
50,50
51,51
52,52
53,53
54,54
55,55
56,56
57,57
58,58
59,59
0,0
18,1
2,2
3,3
4,4
5,5
6,6
7,7
8,8
33,9
10,10
11,11
12,12
13,13
14,14
15,15
15,16
17,17
18,18
19,19
20,20
21,21
22,22
23,23
24,24
25,25
26,26
27,27
28,28
29,29
31,30
31,31
32,32
33,33
34,34
35,35
36,36
37,37
38,38
39,39
40,40
41,41
42,42
43,43
44,44
45,45
46,46
47,47
48,48
51,49
50,50
51,51
52,52
53,53
54,54
55,55
56,56
57,57
58,58
59,59
0,0
1,1
2,2
3,3
4,4
5,5
6,6
7,7
8,8
9,9
10,10
11,11
12,12
13,13
14,14
15,15
16,16
17,17
18,18
19,19
20,20
21,21
22,22
23,23
24,24
25,25
26,26
27,27
28,28
33,29
43,30
30,31
32,32
9,33
34,34
35,35
36,36
37,37
38,38
39,39
40,40
41,41
42,42
43,43
44,44
45,45
46,46
47,47
48,48
49,49
50,50
51,51
52,52
53,53
54,54
55,55
56,56
57,57
58,58
59,59
0,0
36,1
2,2
3,3
45,4
5,5
6,6
7,7
8,8
9,9
28,10
28,11
13,13
14,14
16,15
15,16
10,17
10,18
19,19
20,20
21,21
48,22
23,23
27,24
25,25
26,26
27,27
10,28
28,29
24,30
31,31
32,32
33,33
34,34
35,35
36,36
2,37
32,38
39,39
40,40
41,41
42,42
43,43
44,44
45,45
40,46
47,47
48,48
49,49
49,50
51,51
52,52
40,53
54,54
24,55
56,56
24,57
58,58
59,59
0,0
36,1
2,2
3,3
4,4
5,5
6,6
7,7
8,8
9,9
10,10
11,11
12,12
13,13
14,14
15,15
15,16
17,17
18,18
19,19
20,20
21,21
22,22
23,23
24,24
25,25
26,26
27,27
28,28
29,29
31,30
31,31
32,32
33,33
34,34
35,35
36,36
37,37
38,38
39,39
40,40
41,41
42,42
43,43
44,44
45,45
40,46
47,47
48,48
49,49
50,50
51,51
52,52
53,53
54,54
55,55
56,56
57,57
58,58
59,59
0,0
36,1
2,2
3,3
4,4
5,5
6,6
7,7
8,8
9,9
10,10
29,11
12,12
13,13
14,14
15,15
16,16
17,17
18,18
19,19
20,20
21,21
22,22
23,23
4,24
25,25
26,26
27,27
28,28
29,29
30,30
31,31
32,32
33,33
34,34
35,35
36,36
37,37
38,38
39,39
46,40
41,41
42,42
43,43
44,44
45,45
46,46
47,47
48,48
49,49
50,50
51,51
52,52
53,53
54,54
57,55
56,56
57,57
58,58
59,59
0,0
36,1
2,2
3,3
4,4
5,5
6,6
7,7
8,8
9,9
10,10
11,11
12,12
14,13
14,14
15,15
15,16
17,17
18,18
50,23
24,24
25,25
26,26
27,27
28,28
28,29
30,30
45,31
29,32
33,33
34,34
35,35
36,36
43,37
38,38
39,39
40,40
41,41
42,42
43,43
44,44
45,45
30,46
47,47
48,48
49,49
50,50
51,51
52,52
53,53
54,54
55,55
56,56
57,57
58,58
59,59
0,0
36,1
2,2
3,3
4,4
5,5
6,6
7,7
8,8
9,9
10,10
11,11
12,12
13,13
14,14
15,15
15,16
17,17
18,18
19,19
20,20
21,21
22,22
23,23
24,24
25,25
26,26
27,27
28,28
29,29
30,30
31,31
32,32
33,33
34,34
35,35
36,36
37,37
38,38
39,39
43,40
41,41
42,42
43,43
44,44
45,45
46,46
47,47
48,48
49,49
50,50
51,51
52,52
53,53
54,54
55,55
56,56
57,57
58,58
59,59
0,0
36,1
2,2
3,3
4,4
16,5
6,6
7,7
8,8
9,9
11,10
28,11
12,12
13,13
14,14
15,15
15,16
17,17
18,18
19,19
20,20
21,21
22,22
23,23
24,24
25,25
26,26
27,27
28,28
35,29
30,30
31,31
32,32
33,33
34,34
35,35
36,36
37,37
38,38
39,39
40,40
41,41
42,42
43,43
44,44
45,45
40,46
47,47
48,48
49,49
50,50
51,51
52,52
53,53
54,54
55,55
56,56
57,57
58,58
59,59
0,0
36,1
2,2
3,3
4,4
5,5
6,6
7,7
8,8
9,9
10,10
2,11
12,12
13,13
14,14
15,15
15,16
17,17
18,18
19,19
18,20
21,21
22,22
23,23
27,24
25,25
26,26
27,27
28,28
1,29
30,30
31,31
0,32
33,33
34,34
35,35
35,36
35,37
38,38
39,39
40,40
41,41
42,42
43,43
44,44
45,45
46,46
44,47
48,48
49,49
50,50
51,51
52,52
53,53
54,54
55,55
56,56
57,57
58,58
59,59
0,0
27,1
2,2
3,3
4,4
5,5
6,6
7,7
8,8
36,9
28,10
11,11
12,12
13,13
14,14
15,15
16,16
17,17
18,18
19,19
20,20
21,21
22,22
23,23
24,24
25,25
26,26
27,27
28,28
29,29
30,30
31,31
32,32
38,33
34,34
35,35
36,36
37,37
38,38
39,39
40,40
41,41
42,42
43,43
44,44
45,45
46,46
47,47
48,48
49,49
50,50
51,51
52,52
53,53
54,54
55,55
56,56
57,57
58,58
59,59
33,0
1,1
2,2
3,3
4,4
5,5
6,6
7,7
8,8
9,9
10,10
17,11
12,12
13,13
14,14
15,15
15,16
17,17
33,18
19,19
20,20
21,21
22,22
23,23
24,24
25,25
26,26
27,27
28,28
31,29
30,30
31,31
32,32
31,33
34,34
35,35
31,36
37,37
38,38
9,39
9,40
41,41
42,42
2,43
44,44
45,45
46,46
47,47
48,48
49,49
50,50
51,51
52,52
53,53
4,54
55,55
55,56
57,57
58,58
59,59
17,0
27,1
2,2
3,3
4,4
5,5
6,6
7,7
8,8
9,9
28,10
11,11
12,12
13,13
14,14
15,15
5,16
19,19
20,20
21,21
22,22
23,23
24,24
25,25
26,26
27,27
28,28
29,29
4,30
31,31
28,32
33,33
34,34
35,35
36,36
37,37
38,38
39,39
40,40
41,41
42,42
43,43
44,44
45,45
46,46
40,47
48,48
49,49
50,50
51,51
52,52
53,53
54,54
55,55
56,56
57,57
58,58
59,59
0,0
17,1
2,2
3,3
4,4
5,5
6,6
7,7
8,8
9,9
10,10
11,11
12,12
13,13
14,14
15,15
15,16
17,17
18,18
19,19
20,20
21,21
22,22
23,23
24,24
25,25
26,26
27,27
28,28
29,29
40,30
31,31
32,32
33,33
34,34
35,35
36,36
37,37
38,38
39,39
40,40
41,41
42,42
43,43
44,44
45,45
46,46
47,47
48,48
49,49
50,50
51,51
52,52
53,53
14,54
29,55
55,56
57,57
58,58
59,59
0,0
2,1
2,2
3,3
4,4
5,5
6,6
7,7
8,8
38,9
33,10
10,11
12,12
13,13
14,14
15,15
16,16
17,17
18,18
19,19
20,20
21,21
22,22
23,23
24,24
25,25
26,26
27,27
29,28
31,29
30,30
31,31
32,32
38,33
34,34
35,35
36,36
37,37
38,38
38,39
40,40
41,41
42,42
43,43
44,44
45,45
46,46
47,47
48,48
49,49
50,50
51,51
52,52
53,53
54,54
55,55
56,56
57,57
58,58
59,59
0,0
17,1
2,2
3,3
4,4
5,5
6,6
7,7
8,8
9,9
32,10
11,11
12,12
13,13
14,14
15,15
15,16
17,17
18,18
19,19
20,20
21,21
22,22
23,23
24,24
25,25
26,26
27,27
28,28
29,29
30,30
2,31
32,32
33,33
47,34
3,35
3,36
37,37
38,38
43,39
43,40
41,41
41,42
43,43
44,44
45,45
46,46
47,47
48,48
49,49
50,50
51,51
52,52
53,53
54,54
55,55
56,56
57,57
58,58
59,59
0,0
37,1
2,2
3,3
4,4
5,5
6,6
7,7
8,8
9,9
11,10
29,11
12,12
13,13
14,14
15,15
16,16
17,17
18,18
19,19
20,20
21,21
22,22
23,23
24,24
25,25
26,26
27,27
28,28
29,29
30,30
31,31
32,32
33,33
34,34
35,35
36,36
37,37
38,38
39,39
40,40
41,41
42,42
43,43
44,44
45,45
46,46
47,47
48,48
6,49
50,50
56,51
52,52
53,53
54,54
55,55
56,56
57,57
58,58
59,59
0,0
2,1
2,2
3,3
4,4
5,5
6,6
7,7
8,8
9,9
27,10
11,11
12,12
13,13
14,14
15,15
16,16
17,17
18,18
19,19
20,20
21,21
22,22
23,23
24,24
25,25
26,26
27,27
28,28
29,29
30,30
31,31
32,32
33,33
34,34
35,35
40,36
37,37
38,38
39,39
40,40
41,41
42,42
43,43
44,44
45,45
46,46
47,47
48,48
49,49
23,50
51,51
52,52
53,53
54,54
55,55
56,56
57,57
58,58
59,59
0,0
18,1
43,2
36,3
4,4
5,5
6,6
12,12
13,13
14,14
15,15
15,16
17,17
18,18
19,19
20,20
21,21
22,22
23,23
24,24
25,25
26,26
1,27
10,28
29,29
30,30
31,31
32,32
28,33
34,34
35,35
43,36
37,37
38,38
39,39
43,40
41,41
42,42
43,43
44,44
45,45
46,46
43,47
48,48
24,50
56,51
52,52
53,53
54,54
55,55
56,56
57,57
58,58
59,59
0,0
2,1
2,2
3,3
4,4
5,5
6,6
7,7
8,8
9,9
10,10
11,11
12,12
13,13
14,14
15,15
15,16
17,17
18,18
19,19
20,20
21,21
22,22
23,23
24,24
25,25
26,26
27,27
28,28
29,29
30,30
31,31
32,32
33,33
34,34
35,35
40,36
37,37
38,38
39,39
28,40
41,41
42,42
43,43
44,44
45,45
46,46
47,47
48,48
49,49
50,50
51,51
52,52
53,53
54,54
55,55
56,56
57,57
58,58
59,59
0,0
37,1
43,2
3,3
4,4
5,5
6,6
7,7
8,8
9,9
10,10
29,11
12,12
13,13
14,14
15,15
15,16
17,17
18,18
19,19
20,20
21,21
22,22
23,23
24,24
25,25
26,26
27,27
28,28
36,29
30,30
31,31
32,32
33,33
34,34
35,35
40,36
37,37
38,38
39,39
40,40
41,41
42,42
43,43
44,44
45,45
46,46
47,47
48,48
49,49
50,50
51,51
52,52
53,53
54,54
55,55
56,56
57,57
58,58
59,59
0,0
2,1
43,2
3,3
4,4
5,5
6,6
7,7
8,8
22,9
29,10
29,11
12,12
13,13
14,14
16,15
16,16
17,17
36,18
19,19
20,20
21,21
22,22
23,23
24,24
25,25
26,26
27,27
29,28
11,29
30,30
31,31
32,32
33,33
34,34
35,35
40,36
37,37
38,38
39,39
40,40
41,41
42,42
43,43
44,44
45,45
46,46
47,47
48,48
49,49
50,50
51,51
52,52
53,53
54,54
55,55
56,56
57,57
58,58
59,59
0,0
1,1
2,2
3,3
4,4
5,5
6,6
7,7
8,8
9,9
10,10
11,11
12,12
13,13
14,14
15,15
15,16
17,17
18,18
19,19
20,20
21,21
22,22
23,23
24,24
25,25
26,26
27,27
28,28
11,29
30,30
31,31
32,32
33,33
34,34
35,35
36,36
37,37
38,38
39,39
34,40
41,41
42,42
43,43
44,44
45,45
46,46
47,47
48,48
49,49
50,50
51,51
52,52
53,53
54,54
55,55
56,56
57,57
58,58
59,59
0,0
1,1
43,2
3,3
4,4
5,5
6,6
7,7
8,8
9,9
10,10
28,11
12,12
13,13
14,14
15,15
16,16
17,17
18,18
19,19
20,20
21,21
22,22
23,23
24,24
25,25
26,26
27,27
28,28
29,29
30,30
31,31
32,32
33,33
34,34
35,35
36,36
37,37
38,38
39,39
40,40
41,41
42,42
43,43
44,44
45,45
46,46
47,47
48,48
49,49
50,50
51,51
52,52
53,53
54,54
55,55
56,56
57,57
58,58
59,59
11,0
1,1
2,2
4,4
5,5
6,6
7,7
8,8
9,9
28,10
11,11
12,12
13,13
14,14
15,15
15,16
17,17
18,18
19,19
20,20
21,21
22,22
50,23
24,24
25,25
26,26
27,27
28,28
29,29
30,30
31,31
28,32
33,33
34,34
35,35
36,36
37,37
38,38
39,39
34,40
41,41
42,42
43,43
44,44
44,45
46,46
47,47
48,48
49,49
50,50
51,51
52,52
53,53
54,54
55,55
56,56
55,57
58,58
59,59
0,0
1,1
2,2
3,3
4,4
5,5
6,6
7,7
8,8
9,9
36,10
11,11
36,12
13,13
14,14
16,15
16,16
17,17
18,18
19,19
20,20
21,21
22,22
23,23
24,24
25,25
26,26
27,27
28,28
29,29
30,30
31,31
32,32
33,33
34,34
35,35
36,36
37,37
38,38
39,39
49,40
41,41
42,42
43,43
44,44
45,45
46,46
47,47
48,48
52,49
50,50
51,51
52,52
53,53
54,54
55,55
56,56
57,57
58,58
59,59
0,0
1,1
2,2
3,3
32,4
5,5
41,6
15,7
8,8
9,9
11,10
11,11
10,12
13,13
14,14
21,15
14,16
17,17
18,18
19,19
20,20
21,21
22,22
23,23
24,24
25,25
26,26
27,27
29,28
29,29
30,30
31,31
32,32
33,33
34,34
35,35
36,36
37,37
38,38
39,39
34,40
41,41
42,42
43,43
44,44
45,45
46,46
40,47
48,48
49,49
50,50
51,51
52,52
53,53
54,54
55,55
56,56
57,57
58,58
59,59
0,0
28,1
2,2
36,3
4,4
5,5
5,6
7,7
8,8
9,9
10,10
11,11
12,12
13,13
14,14
15,15
16,16
24,17
18,18
19,19
20,20
21,21
9,22
23,23
24,24
25,25
26,26
27,27
28,28
29,29
45,30
46,31
32,32
33,33
5,34
35,35
36,36
37,37
38,38
39,39
49,40
59,41
42,42
43,43
36,44
45,45
46,46
34,47
22,48
49,49
52,50
51,51
52,52
53,53
54,54
55,55
56,56
57,57
58,58
59,59
0,0
1,1
2,2
3,3
4,4
5,5
6,6
7,7
8,8
9,9
32,10
11,11
12,12
13,13
14,14
15,15
16,16
17,17
18,18
19,19
20,20
21,21
22,22
23,23
24,24
25,25
26,26
27,27
28,28
29,29
30,30
31,31
32,32
33,33
34,34
35,35
36,36
37,37
38,38
39,39
40,40
41,41
42,42
43,43
44,44
45,45
46,46
44,47
21,48
49,49
50,50
51,51
52,52
53,53
54,54
55,55
56,56
57,57
58,58
59,59
0,0
1,1
2,2
3,3
4,4
5,5
6,6
20,7
8,8
9,9
10,10
11,11
12,12
13,13
14,14
15,15
16,16
17,17
18,18
19,19
20,20
21,21
22,22
23,23
24,24
25,25
26,26
27,27
28,28
29,29
30,30
31,31
32,32
33,33
34,34
53,35
36,36
37,37
38,38
39,39
40,40
41,41
42,42
43,43
44,44
45,45
46,46
47,47
48,48
49,49
50,50
51,51
52,52
53,53
54,54
55,55
56,56
57,57
58,58
59,59
0,0
1,1
2,2
37,3
4,4
5,5
6,6
17,7
8,8
9,9
32,10
11,11
12,12
13,13
14,14
15,15
16,16
17,17
18,18
19,19
20,20
21,21
22,22
23,23
24,24
25,25
26,26
27,27
28,28
29,29
30,30
31,31
32,32
33,33
34,34
35,35
36,36
37,37
38,38
39,39
40,40
41,41
42,42
43,43
44,44
45,45
4,46
44,47
48,48
49,49
50,50
51,51
52,52
53,53
54,54
55,55
56,56
57,57
58,58
59,59
0,0
1,1
2,2
3,3
4,4
5,5
6,6
7,7
8,8
9,9
10,10
11,11
12,12
13,13
14,14
15,15
16,16
17,17
18,18
19,19
20,20
21,21
22,22
23,23
24,24
25,25
26,26
27,27
28,28
29,29
30,30
31,31
32,32
33,33
34,34
35,35
36,36
37,37
38,38
39,39
44,40
41,41
42,42
43,43
44,44
45,45
46,46
44,47
48,48
52,49
50,50
51,51
52,52
53,53
54,54
55,55
56,56
57,57
58,58
59,59
0,0
1,1
2,2
3,3
4,4
5,5
6,6
7,7
8,8
9,9
10,10
11,11
12,12
13,13
14,14
15,15
16,16
17,17
18,18
19,19
20,20
21,21
22,22
23,23
24,24
25,25
26,26
27,27
28,28
29,29
30,30
31,31
32,32
33,33
34,34
35,35
36,36
37,37
38,38
39,39
44,40
41,41
42,42
43,43
44,44
45,45
46,46
44,47
21,48
52,49
50,50
51,51
52,52
53,53
54,54
55,55
56,56
57,57
58,58
59,59
0,0
1,1
27,2
3,3
4,4
5,5
6,6
7,7
8,8
9,9
28,10
10,11
12,12
13,13
14,14
15,15
16,16
17,17
18,18
19,19
20,20
21,21
23,22
23,23
24,24
25,25
26,26
2,27
28,28
29,29
30,30
31,31
32,32
33,33
56,34
35,35
43,36
37,37
38,38
39,39
56,40
41,41
42,42
43,43
44,44
3,45
46,46
47,47
2,48
10,49
56,50
49,51
52,52
52,53
54,54
55,55
56,56
57,57
58,58
58,59
0,0
1,1
40,2
3,3
4,4
5,5
6,6
7,7
8,8
9,9
10,10
11,11
12,12
13,13
14,14
15,15
16,16
17,17
18,18
19,19
20,20
21,21
40,22
23,23
24,24
25,25
26,26
27,27
28,28
11,29
30,30
31,31
32,32
33,33
34,34
35,35
36,36
43,37
38,38
39,39
40,40
41,41
42,42
47,43
44,44
45,45
17,46
47,47
48,48
49,49
50,50
51,51
52,52
53,53
54,54
55,55
56,56
57,57
58,58
59,59
27,0
1,1
40,2
3,3
4,4
5,5
6,6
7,7
8,8
9,9
11,10
11,11
12,12
13,13
13,14
15,15
16,16
17,17
18,18
19,19
20,20
21,21
48,22
23,23
24,24
25,25
26,26
40,27
28,28
11,29
30,30
30,31
32,32
33,33
34,34
35,35
36,36
1,37
38,38
39,39
40,40
41,41
42,42
43,43
44,44
45,45
46,46
16,47
48,48
49,49
50,50
51,51
52,52
53,53
54,54
55,55
54,56
57,57
58,58
59,59
0,0
1,1
43,2
3,3
4,4
5,5
6,6
7,7
8,8
9,9
11,10
11,11
12,12
13,13
14,14
15,15
15,16
18,18
19,19
20,20
22,21
48,22
23,23
24,24
25,25
26,26
27,27
28,28
11,29
30,30
30,31
32,32
33,33
34,34
35,35
40,36
32,37
38,38
39,39
40,40
41,41
42,42
43,43
44,44
45,45
27,46
47,47
48,48
49,49
50,50
51,51
53,52
53,53
54,54
55,55
56,56
57,57
58,58
59,59
0,0
1,1
17,2
3,3
4,4
5,5
6,6
7,7
8,8
9,9
10,10
10,11
12,12
13,13
13,14
15,15
16,16
17,17
18,18
19,19
20,20
21,21
48,22
23,23
24,24
25,25
26,26
27,27
28,28
29,29
30,30
30,31
32,32
33,33
44,34
35,35
36,36
1,37
38,38
39,39
40,40
41,41
42,42
3,43
44,44
45,45
46,46
34,47
48,48
49,49
50,50
51,51
52,52
53,53
54,54
55,55
52,56
57,57
58,58
58,59
0,0
40,1
40,2
36,3
4,4
5,5
6,6
7,7
8,8
9,9
10,10
11,11
12,12
13,13
14,14
15,15
16,16
17,17
18,18
36,19
20,20
21,21
48,22
23,23
24,24
25,25
26,26
46,27
28,28
29,29
30,30
30,31
32,32
33,33
34,34
35,35
18,36
43,37
38,38
39,39
40,40
41,41
42,42
46,43
44,44
45,45
46,46
47,47
48,48
49,49
50,50
51,51
52,52
53,53
54,54
55,55
56,56
57,57
58,58
59,59
17,0
2,1
35,2
3,3
27,4
5,5
6,6
7,7
8,8
10,9
11,10
11,11
13,13
13,14
15,15
16,16
27,17
18,18
19,19
20,20
21,21
2,22
23,23
24,24
25,25
26,26
2,27
29,28
29,29
27,30
30,31
32,32
33,33
34,34
35,35
36,36
6,37
38,38
38,39
40,40
41,41
42,42
43,43
44,44
45,45
46,46
34,47
53,48
6,49
6,50
51,51
53,52
37,53
54,54
55,55
56,56
2,57
58,58
59,59
0,0
1,1
2,2
3,3
4,4
5,5
6,6
7,7
8,8
9,9
28,10
11,11
12,12
13,13
14,14
15,15
16,16
17,17
18,18
17,19
20,20
21,21
22,22
23,23
24,24
25,25
26,26
27,27
28,28
11,29
30,30
31,31
32,32
33,33
34,34
35,35
46,36
37,37
38,38
39,39
40,40
41,41
42,42
43,43
44,44
45,45
46,46
34,47
48,48
49,49
50,50
51,51
52,52
53,53
54,54
55,55
41,56
57,57
58,58
59,59
0,0
1,1
2,2
3,3
4,4
5,5
6,6
7,7
8,8
9,9
28,10
11,11
12,12
13,13
14,14
15,15
15,16
17,17
18,18
19,19
20,20
21,21
22,22
23,23
24,24
25,25
26,26
27,27
28,28
10,29
30,30
31,31
32,32
33,33
34,34
35,35
36,36
37,37
38,38
39,39
40,40
41,41
42,42
43,43
44,44
45,45
46,46
47,47
48,48
49,49
50,50
51,51
52,52
53,53
54,54
55,55
56,56
57,57
58,58
59,59
0,0
40,1
2,2
43,3
4,4
5,5
6,6
7,7
8,8
9,9
28,10
11,11
12,12
13,13
13,14
15,15
16,16
17,17
18,18
19,19
20,20
22,21
22,22
23,23
24,24
25,25
26,26
27,27
28,28
11,29
30,30
31,31
32,32
33,33
34,34
35,35
36,36
37,37
38,38
39,39
40,40
41,41
42,42
43,43
44,44
52,45
46,46
34,47
48,48
49,49
50,50
51,51
52,52
53,53
54,54
54,55
41,56
57,57
58,58
59,59
0,0
1,1
2,2
3,3
4,4
5,5
6,6
7,7
8,8
9,9
10,10
11,11
12,12
13,13
14,14
15,15
16,16
17,17
18,18
19,19
20,20
21,21
22,22
23,23
24,24
25,25
26,26
27,27
28,28
10,29
30,30
31,31
32,32
33,33
34,34
35,35
36,36
37,37
38,38
39,39
40,40
41,41
42,42
43,43
40,44
45,45
43,46
47,47
48,48
49,49
50,50
51,51
52,52
53,53
54,54
55,55
56,56
57,57
58,58
59,59
0,0
1,1
2,2
3,3
4,4
5,5
6,6
7,7
8,8
9,9
10,10
11,11
12,12
13,13
14,14
16,15
16,16
17,17
18,18
19,19
20,20
21,21
22,22
23,23
24,24
25,25
26,26
27,27
28,28
29,29
30,30
31,31
32,32
33,33
34,34
35,35
46,36
37,37
38,38
39,39
40,40
41,41
42,42
43,43
44,44
45,45
46,46
34,47
48,48
49,49
50,50
51,51
52,52
53,53
54,54
57,55
56,56
57,57
58,58
59,59
52,1
2,2
43,3
4,4
5,5
6,6
7,7
8,8
9,9
12,12
13,13
14,14
15,15
15,16
17,17
18,18
35,19
46,20
21,21
37,22
23,23
35,24
25,25
26,26
27,27
29,28
29,29
37,30
30,31
32,32
9,33
34,34
37,35
36,36
37,37
17,38
39,39
24,40
7,41
42,42
43,43
15,44
44,45
44,46
47,47
52,48
52,49
41,50
6,51
53,52
37,53
54,54
24,55
56,56
56,57
58,58
59,59
46,0
40,1
2,2
3,3
4,4
5,5
6,6
7,7
8,8
9,9
10,10
11,11
12,12
13,13
14,14
16,15
5,16
17,17
18,18
19,19
20,20
21,21
22,22
23,23
24,24
25,25
26,26
43,27
28,28
11,29
30,30
31,31
32,32
33,33
34,34
35,35
36,36
37,37
40,38
39,39
40,40
41,41
42,42
43,43
44,44
45,45
46,46
44,47
48,48
49,49
50,50
51,51
52,52
53,53
54,54
55,55
56,56
57,57
58,58
58,59
0,0
40,1
2,2
3,3
4,4
5,5
6,6
7,7
8,8
9,9
10,10
11,11
12,12
13,13
14,14
15,15
15,16
17,17
18,18
19,19
20,20
21,21
22,22
23,23
24,24
25,25
26,26
27,27
28,28
24,29
30,30
31,31
32,32
33,33
34,34
35,35
33,36
37,37
38,38
39,39
40,40
41,41
42,42
43,43
44,44
45,45
46,46
47,47
48,48
49,49
50,50
51,51
52,52
53,53
54,54
55,55
56,56
57,57
58,58
59,59
12,0
40,1
2,2
3,3
32,4
5,5
6,6
7,7
8,8
9,9
9,10
11,11
12,12
13,13
14,14
15,15
5,16
17,17
18,18
19,19
20,20
21,21
22,22
23,23
24,24
25,25
26,26
43,27
28,28
43,29
30,30
31,31
32,32
33,33
34,34
37,35
36,36
37,37
40,38
39,39
40,40
41,41
42,42
43,43
44,44
45,45
46,46
44,47
22,48
49,49
50,50
51,51
35,52
53,53
54,54
52,55
56,56
57,57
58,58
59,59
0,0
17,1
2,2
3,3
4,4
5,5
6,6
7,7
8,8
33,9
10,10
2,11
12,12
13,13
14,14
16,15
15,16
17,17
18,18
19,19
20,20
21,21
22,22
23,23
24,24
25,25
26,26
27,27
28,28
29,29
30,30
31,31
32,32
33,33
34,34
35,35
36,36
37,37
38,38
39,39
40,40
41,41
42,42
43,43
44,44
45,45
46,46
47,47
48,48
49,49
50,50
51,51
52,52
53,53
54,54
52,55
56,56
57,57
58,58
59,59
0,0
1,1
2,2
3,3
24,4
5,5
6,6
7,7
8,8
9,9
10,10
11,11
12,12
13,13
14,14
15,15
5,16
17,17
18,18
19,19
20,20
21,21
22,22
23,23
24,24
25,25
26,26
43,27
28,28
29,29
30,30
31,31
39,32
33,33
34,34
35,35
36,36
37,37
38,38
39,39
40,40
41,41
42,42
43,43
44,44
24,45
46,46
47,47
48,48
49,49
50,50
51,51
52,52
53,53
54,54
55,55
56,56
57,57
58,58
59,59
0,0
2,1
36,2
24,3
30,4
5,5
6,6
7,7
8,8
9,9
28,10
11,11
12,12
13,13
14,14
15,15
15,16
17,17
18,18
19,19
46,20
21,21
37,22
23,23
24,24
25,25
26,26
24,27
28,28
28,29
44,30
44,31
32,32
9,33
34,34
35,35
36,36
30,37
38,38
39,39
44,40
41,41
42,42
31,43
44,44
54,45
45,46
47,47
4,48
24,49
50,50
51,51
4,52
4,53
54,54
55,55
34,56
35,57
58,58
59,59
0,0
18,1
2,2
3,3
4,4
5,5
6,6
7,7
8,8
9,9
10,10
11,11
12,12
13,13
14,14
15,15
16,16
17,17
18,18
19,19
20,20
21,21
22,22
23,23
24,24
25,25
26,26
27,27
28,28
29,29
31,30
27,31
32,32
33,33
34,34
35,35
36,36
37,37
38,38
39,39
43,40
41,41
42,42
43,43
44,44
45,45
46,46
47,47
48,48
49,49
50,50
51,51
52,52
53,53
54,54
55,55
56,56
57,57
58,58
59,59
0,0
40,1
2,2
3,3
4,4
5,5
6,6
7,7
8,8
9,9
10,10
11,11
12,12
13,13
14,14
15,15
16,16
17,17
18,18
19,19
20,20
21,21
22,22
23,23
24,24
25,25
26,26
27,27
28,28
29,29
30,30
31,31
32,32
33,33
34,34
35,35
36,36
37,37
38,38
39,39
27,40
41,41
42,42
43,43
44,44
45,45
46,46
47,47
48,48
49,49
50,50
51,51
52,52
53,53
54,54
55,55
56,56
57,57
58,58
59,59
0,0
18,1
2,2
3,3
4,4
5,5
6,6
7,7
8,8
9,9
10,10
28,11
12,12
13,13
14,14
15,15
16,16
17,17
18,18
19,19
20,20
21,21
22,22
23,23
24,24
25,25
26,26
0,27
28,28
11,29
30,30
31,31
32,32
28,33
34,34
35,35
36,36
37,37
38,38
39,39
43,40
41,41
42,42
43,43
44,44
45,45
46,46
47,47
48,48
49,49
50,50
51,51
52,52
53,53
54,54
55,55
56,56
57,57
58,58
59,59
0,0
1,1
2,2
3,3
4,4
5,5
6,6
7,7
8,8
9,9
10,10
10,11
12,12
13,13
14,14
15,15
16,16
17,17
18,18
19,19
20,20
21,21
22,22
23,23
24,24
25,25
26,26
27,27
28,28
29,29
30,30
31,31
32,32
33,33
34,34
35,35
36,36
37,37
38,38
31,39
43,40
41,41
42,42
43,43
44,44
45,45
46,46
47,47
48,48
49,49
50,50
51,51
52,52
52,53
54,54
55,55
56,56
56,57
58,58
59,59
0,0
18,1
2,2
3,3
4,4
5,5
6,6
7,7
8,8
9,9
10,10
29,11
12,12
13,13
14,14
15,15
16,16
17,17
18,18
19,19
20,20
21,21
22,22
23,23
24,24
25,25
26,26
27,27
28,28
29,29
31,30
31,31
32,32
33,33
34,34
35,35
36,36
37,37
38,38
39,39
37,40
41,41
42,42
43,43
11,44
45,45
46,46
47,47
48,48
49,49
50,50
51,51
52,52
53,53
54,54
55,55
56,56
57,57
58,58
59,59
0,0
1,1
2,2
3,3
4,4
5,5
6,6
7,7
8,8
9,9
10,10
11,11
12,12
13,13
14,14
15,15
16,16
17,17
18,18
19,19
20,20
21,21
22,22
23,23
24,24
25,25
26,26
36,27
28,28
11,29
30,30
0,31
32,32
33,33
34,34
35,35
2,36
4,37
38,38
39,39
35,40
41,41
42,42
43,43
44,44
45,45
46,46
47,47
48,48
49,49
50,50
51,51
52,52
53,53
54,54
55,55
56,56
57,57
58,58
59,59
2,0
27,1
2,2
3,3
4,4
5,5
6,6
7,7
8,8
9,9
10,10
29,11
12,12
13,13
14,14
15,15
16,16
17,17
18,18
19,19
20,20
21,21
22,22
23,23
24,24
25,25
26,26
27,27
28,28
29,29
30,30
31,31
32,32
33,33
34,34
35,35
36,36
37,37
38,38
39,39
43,40
41,41
42,42
43,43
44,44
45,45
46,46
44,47
48,48
49,49
50,50
51,51
52,52
53,53
54,54
55,55
56,56
57,57
58,58
59,59
0,0
27,1
2,2
3,3
4,4
5,5
6,6
7,7
8,8
9,9
10,10
11,11
12,12
13,13
14,14
15,15
16,16
17,17
18,18
19,19
20,20
21,21
22,22
23,23
24,24
25,25
26,26
27,27
28,28
29,29
30,30
31,31
32,32
33,33
56,34
11,35
36,36
37,37
38,38
39,39
43,40
41,41
42,42
43,43
44,44
45,45
43,46
47,47
48,48
49,49
50,50
51,51
52,52
53,53
54,54
55,55
56,56
57,57
58,58
59,59
43,0
2,1
2,2
3,3
4,4
5,5
6,6
7,7
8,8
9,9
10,10
10,11
12,12
13,13
14,14
23,15
16,16
17,17
18,18
19,19
20,20
21,21
22,22
23,23
24,24
25,25
26,26
40,27
28,28
29,29
30,30
31,31
32,32
33,33
34,34
35,35
36,36
37,37
38,38
39,39
43,40
41,41
42,42
43,43
44,44
45,45
46,46
44,47
48,48
49,49
50,50
51,51
52,52
53,53
54,54
55,55
56,56
57,57
58,58
59,59
0,0
2,1
2,2
3,3
4,4
5,5
6,6
7,7
8,8
9,9
11,10
11,11
12,12
13,13
14,14
15,15
16,16
17,17
18,18
19,19
20,20
21,21
22,22
23,23
24,24
25,25
26,26
27,27
28,28
10,29
30,30
31,31
32,32
33,33
34,34
35,35
36,36
37,37
38,38
39,39
43,40
41,41
42,42
43,43
44,44
45,45
43,46
47,47
48,48
49,49
50,50
51,51
52,52
53,53
54,54
55,55
56,56
57,57
58,58
59,59
27,0
27,1
2,2
3,3
4,4
5,5
6,6
7,7
8,8
9,9
10,10
29,11
12,12
13,13
14,14
15,15
16,16
17,17
18,18
19,19
20,20
21,21
22,22
23,23
24,24
25,25
26,26
17,27
28,28
29,29
30,30
31,31
32,32
33,33
34,34
35,35
36,36
37,37
38,38
39,39
43,40
41,41
42,42
43,43
44,44
45,45
46,46
47,47
48,48
49,49
50,50
51,51
52,52
53,53
54,54
55,55
56,56
57,57
58,58
59,59
0,0
27,1
2,2
3,3
46,4
5,5
6,6
7,7
8,8
9,9
28,10
28,11
12,12
13,13
14,14
15,15
16,16
17,17
18,18
19,19
20,20
21,21
22,22
23,23
24,24
25,25
26,26
37,27
28,28
11,29
30,30
31,31
32,32
33,33
34,34
35,35
43,36
37,37
38,38
39,39
43,40
41,41
42,42
43,43
24,44
45,45
46,46
47,47
2,48
49,49
50,50
51,51
52,52
53,53
54,54
55,55
56,56
57,57
58,58
59,59
0,0
2,1
2,2
3,3
4,4
5,5
6,6
7,7
8,8
9,9
10,10
10,11
12,12
13,13
14,14
15,15
16,16
17,17
18,18
19,19
20,20
21,21
22,22
23,23
24,24
25,25
26,26
27,27
28,28
11,29
30,30
31,31
32,32
33,33
34,34
35,35
36,36
37,37
38,38
39,39
43,40
41,41
42,42
43,43
24,44
45,45
46,46
47,47
48,48
49,49
50,50
51,51
52,52
53,53
54,54
55,55
56,56
57,57
58,58
59,59
43,0
43,1
2,2
3,3
4,4
5,5
6,6
7,7
8,8
9,9
10,10
10,11
12,12
13,13
14,14
15,15
16,16
17,17
18,18
19,19
20,20
21,21
22,22
23,23
24,24
25,25
26,26
27,27
28,28
29,29
30,30
31,31
32,32
33,33
34,34
35,35
36,36
37,37
38,38
39,39
43,40
41,41
42,42
43,43
44,44
45,45
46,46
47,47
48,48
49,49
50,50
51,51
52,52
53,53
54,54
55,55
56,56
57,57
58,58
59,59
43,0
43,1
2,2
3,3
4,4
5,5
6,6
7,7
8,8
9,9
11,10
11,11
12,12
13,13
14,14
16,15
16,16
27,17
18,18
19,19
20,20
21,21
22,22
23,23
24,24
25,25
26,26
27,27
28,28
10,29
30,30
48,31
32,32
33,33
34,34
35,35
36,36
37,37
38,38
39,39
43,40
41,41
42,42
43,43
44,44
45,45
46,46
47,47
48,48
49,49
50,50
51,51
52,52
53,53
54,54
55,55
56,56
57,57
58,58
59,59
43,0
43,1
2,2
3,3
4,4
5,5
6,6
7,7
8,8
9,9
10,10
11,11
12,12
13,13
14,14
16,15
16,16
17,17
18,18
19,19
20,20
21,21
22,22
23,23
24,24
25,25
26,26
27,27
28,28
29,29
30,30
31,31
32,32
33,33
34,34
35,35
36,36
37,37
38,38
39,39
2,40
41,41
42,42
43,43
44,44
45,45
46,46
47,47
48,48
49,49
50,50
51,51
52,52
53,53
54,54
55,55
56,56
57,57
58,58
59,59
17,0
2,1
2,2
3,3
4,4
5,5
6,6
7,7
8,8
9,9
28,10
10,11
12,12
13,13
14,14
15,15
16,16
17,17
18,18
19,19
20,20
21,21
22,22
23,23
24,24
25,25
26,26
27,27
28,28
11,29
30,30
31,31
32,32
33,33
34,34
35,35
36,36
37,37
38,38
39,39
43,40
41,41
42,42
43,43
44,44
45,45
43,46
47,47
48,48
49,49
50,50
51,51
52,52
53,53
54,54
55,55
56,56
57,57
58,58
59,59
43,0
2,1
2,2
3,3
4,4
5,5
6,6
7,7
8,8
9,9
9,10
10,11
12,12
13,13
14,14
15,15
16,16
17,17
18,18
19,19
20,20
21,21
22,22
23,23
24,24
25,25
26,26
2,27
28,28
11,29
30,30
22,31
32,32
33,33
34,34
35,35
36,36
45,37
38,38
39,39
43,40
41,41
42,42
43,43
44,44
45,45
46,46
47,47
48,48
49,49
50,50
51,51
52,52
53,53
54,54
55,55
56,56
57,57
58,58
59,59
0,0
1,1
2,2
3,3
4,4
5,5
6,6
7,7
8,8
9,9
10,10
11,11
12,12
13,13
14,14
16,15
16,16
17,17
18,18
19,19
20,20
21,21
22,22
23,23
24,24
25,25
26,26
27,27
28,28
29,29
30,30
31,31
32,32
33,33
34,34
35,35
36,36
37,37
39,38
39,39
40,40
41,41
42,42
43,43
44,44
45,45
43,46
47,47
48,48
49,49
50,50
51,51
52,52
53,53
54,54
55,55
56,56
57,57
58,58
59,59
0,0
1,1
2,2
3,3
4,4
5,5
6,6
7,7
8,8
9,9
28,10
28,11
12,12
13,13
14,14
15,15
16,16
17,17
18,18
19,19
20,20
21,21
22,22
23,23
24,24
25,25
26,26
27,27
28,28
28,29
30,30
31,31
32,32
33,33
34,34
35,35
36,36
37,37
39,38
39,39
40,40
41,41
42,42
43,43
44,44
45,45
43,46
47,47
48,48
49,49
50,50
51,51
52,52
52,53
54,54
55,55
56,56
57,57
58,58
59,59
0,0
1,1
2,2
3,3
4,4
5,5
6,6
7,7
15,8
9,9
10,10
11,11
12,12
13,13
14,14
23,15
24,16
17,17
18,18
19,19
20,20
21,21
22,22
23,23
24,24
25,25
26,26
27,27
28,28
29,29
30,30
30,31
32,32
33,33
34,34
35,35
36,36
37,37
30,38
31,39
43,40
41,41
42,42
43,43
44,44
45,45
43,46
47,47
48,48
49,49
50,50
51,51
52,52
53,53
54,54
55,55
56,56
57,57
58,58
59,59
0,0
1,1
2,2
3,3
4,4
5,5
6,6
7,7
8,8
9,9
10,10
11,11
12,12
13,13
14,14
15,15
16,16
17,17
18,18
19,19
20,20
21,21
22,22
23,23
24,24
25,25
26,26
27,27
28,28
11,29
30,30
31,31
32,32
33,33
34,34
35,35
36,36
37,37
39,38
39,39
40,40
41,41
42,42
43,43
44,44
45,45
43,46
47,47
48,48
49,49
50,50
51,51
52,52
53,53
54,54
55,55
56,56
57,57
58,58
59,59
0,0
1,1
2,2
3,3
4,4
5,5
6,6
7,7
8,8
9,9
10,10
10,11
12,12
13,13
14,14
16,15
16,16
17,17
18,18
19,19
20,20
21,21
22,22
23,23
24,24
25,25
26,26
27,27
28,28
11,29
30,30
31,31
32,32
33,33
34,34
35,35
36,36
37,37
38,38
39,39
40,40
41,41
42,42
43,43
44,44
45,45
46,46
47,47
48,48
49,49
50,50
51,51
53,52
53,53
54,54
55,55
56,56
57,57
58,58
59,59
27,0
18,1
2,2
3,3
4,4
5,5
6,6
7,7
8,8
9,9
10,10
11,11
12,12
13,13
14,14
15,15
16,16
27,17
20,18
19,19
20,20
21,21
22,22
23,23
24,24
25,25
26,26
27,27
28,28
11,29
30,30
31,31
32,32
33,33
34,34
35,35
36,36
37,37
38,38
39,39
40,40
41,41
42,42
43,43
44,44
45,45
46,46
47,47
48,48
49,49
50,50
51,51
52,52
53,53
54,54
55,55
56,56
57,57
58,58
59,59
0,0
1,1
2,2
3,3
4,4
5,5
6,6
7,7
8,8
11,9
10,10
11,11
12,12
13,13
14,14
15,15
15,16
17,17
18,18
19,19
20,20
21,21
22,22
23,23
24,24
25,25
26,26
27,27
28,28
29,29
30,30
31,31
32,32
33,33
34,34
35,35
3,36
37,37
38,38
39,39
40,40
41,41
42,42
46,43
44,44
45,45
46,46
47,47
48,48
49,49
50,50
49,51
52,52
53,53
54,54
57,55
56,56
57,57
58,58
59,59
0,0
1,1
2,2
3,3
4,4
5,5
6,6
7,7
8,8
9,9
10,10
11,11
12,12
13,13
14,14
15,15
16,16
17,17
18,18
19,19
20,20
21,21
22,22
23,23
44,24
25,25
26,26
27,27
11,28
29,29
30,30
31,31
32,32
33,33
34,34
35,35
36,36
37,37
38,38
39,39
40,40
41,41
42,42
46,43
44,44
45,45
46,46
47,47
48,48
49,49
50,50
51,51
53,52
52,53
54,54
55,55
56,56
57,57
58,58
59,59
0,0
1,1
2,2
3,3
4,4
5,5
6,6
7,7
8,8
9,9
11,10
11,11
12,12
13,13
14,14
15,15
15,16
17,17
18,18
19,19
20,20
21,21
22,22
23,23
24,24
25,25
26,26
27,27
28,28
11,29
30,30
31,31
4,32
33,33
34,34
35,35
3,36
37,37
38,38
39,39
36,40
41,41
42,42
43,43
44,44
45,45
46,46
47,47
48,48
50,50
51,51
56,52
53,53
54,54
57,55
55,56
57,57
58,58
59,59
0,0
1,1
2,2
3,3
4,4
5,5
6,6
7,7
8,8
9,9
28,10
11,11
12,12
13,13
14,14
15,15
16,16
17,17
18,18
19,19
20,20
21,21
22,22
23,23
24,24
25,25
26,26
27,27
28,28
29,29
30,30
31,31
32,32
33,33
34,34
35,35
36,36
37,37
38,38
39,39
40,40
41,41
42,42
46,43
44,44
45,45
46,46
47,47
48,48
49,49
50,50
51,51
52,52
52,53
54,54
55,55
56,56
57,57
58,58
58,59
0,0
1,1
2,2
3,3
4,4
16,5
6,6
7,7
8,8
31,9
29,10
10,11
12,12
13,13
14,14
15,15
15,16
17,17
18,18
19,19
20,20
21,21
22,22
23,23
24,24
25,25
26,26
27,27
28,28
29,29
30,30
31,31
32,32
33,33
34,34
35,35
3,36
37,37
38,38
39,39
40,40
41,41
42,42
43,43
44,44
45,45
46,46
47,47
48,48
49,49
50,50
49,51
52,52
53,53
54,54
53,55
56,56
57,57
58,58
59,59
0,0
1,1
2,2
3,3
11,4
5,5
6,6
7,7
8,8
9,9
11,10
11,11
12,12
13,13
14,14
15,15
16,16
27,17
37,18
19,19
20,20
21,21
22,22
23,23
24,24
25,25
26,26
27,27
28,28
29,29
30,30
31,31
32,32
33,33
34,34
35,35
3,36
37,37
38,38
39,39
40,40
41,41
42,42
46,43
44,44
45,45
46,46
34,47
29,48
49,49
50,50
51,51
53,52
53,53
54,54
55,55
56,56
57,57
58,58
59,59
0,0
18,1
1,2
22,3
4,4
5,5
6,6
7,7
8,8
9,9
11,10
11,11
12,12
13,13
14,14
16,15
16,16
17,17
18,18
19,19
20,20
21,21
22,22
23,23
9,24
25,25
26,26
27,27
28,28
29,29
30,30
31,31
32,32
17,33
5,34
35,35
3,36
37,37
38,38
39,39
40,40
41,41
42,42
43,43
44,44
45,45
46,46
47,47
48,48
49,49
50,50
51,51
52,52
53,53
54,54
55,55
56,56
57,57
58,58
59,59
0,0
1,1
2,2
3,3
29,4
5,5
6,6
7,7
8,8
9,9
10,10
10,11
12,12
13,13
14,14
16,15
16,16
17,17
18,18
19,19
20,20
21,21
22,22
23,23
24,24
25,25
26,26
0,27
28,28
29,29
30,30
31,31
32,32
33,33
34,34
35,35
3,36
37,37
38,38
39,39
40,40
41,41
42,42
3,43
44,44
46,45
45,46
47,47
48,48
49,49
50,50
51,51
52,52
52,53
54,54
55,55
56,56
57,57
58,58
59,59
0,0
17,1
2,2
3,3
24,4
5,5
6,6
7,7
8,8
33,9
10,10
10,11
12,12
21,13
14,14
15,15
16,16
17,17
18,18
19,19
20,20
21,21
48,22
23,23
29,24
25,25
26,26
27,27
28,28
15,29
30,30
30,31
33,32
28,33
34,34
35,35
3,36
37,37
38,38
39,39
40,40
41,41
42,42
46,43
44,44
45,45
46,46
47,47
48,48
49,49
50,50
51,51
52,52
53,53
54,54
55,55
56,56
57,57
58,58
59,59
0,0
1,1
2,2
3,3
4,4
5,5
6,6
7,7
8,8
9,9
36,10
11,11
12,12
13,13
14,14
15,15
50,16
17,17
18,18
19,19
20,20
21,21
48,22
23,23
24,24
25,25
26,26
27,27
28,28
11,29
30,30
31,31
32,32
33,33
34,34
35,35
36,36
37,37
38,38
39,39
40,40
41,41
42,42
43,43
44,44
45,45
46,46
47,47
48,48
49,49
50,50
51,51
52,52
53,53
50,54
55,55
56,56
57,57
58,58
59,59
0,0
17,1
2,2
3,3
4,4
5,5
6,6
7,7
8,8
9,9
10,10
11,11
12,12
13,13
14,14
15,15
15,16
17,17
18,18
19,19
20,20
21,21
22,22
23,23
24,24
25,25
26,26
27,27
28,28
46,29
39,30
30,31
32,32
33,33
47,34
35,35
3,36
37,37
38,38
39,39
40,40
41,41
42,42
43,43
44,44
45,45
46,46
47,47
48,48
49,49
50,50
51,51
52,52
53,53
54,54
55,55
56,56
57,57
58,58
59,59
0,0
36,1
36,2
3,3
29,4
5,5
6,6
7,7
8,8
9,9
10,10
11,11
12,12
13,13
14,14
16,16
17,17
36,18
19,19
20,20
21,21
48,22
23,23
28,24
25,25
26,26
3,27
28,28
29,29
30,30
30,31
27,32
33,33
34,34
35,35
3,36
36,37
38,38
39,39
40,40
41,41
42,42
3,43
47,44
35,45
46,46
47,47
48,48
49,49
50,50
51,51
52,52
22,53
54,54
55,55
56,56
57,57
58,58
59,59
2,0
1,1
2,2
3,3
4,4
5,5
6,6
7,7
8,8
9,9
10,10
11,11
12,12
13,13
14,14
16,15
15,16
17,17
18,18
19,19
20,20
21,21
22,22
23,23
24,24
25,25
26,26
27,27
28,28
11,29
30,30
31,31
32,32
33,33
34,34
35,35
36,36
37,37
38,38
39,39
40,40
41,41
42,42
43,43
44,44
45,45
46,46
47,47
48,48
49,49
50,50
51,51
52,52
53,53
55,55
56,56
57,57
58,58
59,59
0,0
40,1
43,2
3,3
4,4
5,5
6,6
7,7
8,8
33,9
10,10
11,11
12,12
13,13
14,14
15,15
16,16
17,17
18,18
19,19
20,20
21,21
22,22
23,23
15,24
25,25
26,26
27,27
28,28
28,29
30,30
31,31
32,32
33,33
34,34
30,35
36,36
37,37
38,38
39,39
40,40
41,41
42,42
28,43
44,44
45,45
46,46
47,47
48,48
49,49
50,50
51,51
52,52
53,53
36,55
56,56
2,57
58,58
59,59
0,0
1,1
2,2
3,3
4,4
5,5
6,6
7,7
8,8
9,9
10,10
11,11
12,12
13,13
14,14
16,15
16,16
17,17
18,18
19,19
20,20
21,21
22,22
23,23
24,24
25,25
26,26
27,27
28,28
11,29
30,30
31,31
32,32
33,33
34,34
35,35
36,36
37,37
38,38
39,39
40,40
41,41
42,42
43,43
44,44
45,45
46,46
47,47
48,48
49,49
50,50
51,51
52,52
53,53
54,54
55,55
56,56
57,57
58,58
59,59
0,0
1,1
43,2
3,3
4,4
5,5
6,6
7,7
8,8
9,9
10,10
10,11
12,12
13,13
14,14
15,15
16,16
17,17
18,18
19,19
20,20
21,21
22,22
23,23
45,24
25,25
26,26
43,27
28,28
28,29
30,30
31,31
32,32
33,33
34,34
56,35
36,36
37,37
38,38
39,39
47,40
41,41
42,42
43,43
44,44
45,45
43,46
47,47
48,48
49,49
50,50
51,51
52,52
53,53
54,54
55,55
56,56
57,57
58,58
59,59
2,0
1,1
2,2
3,3
4,4
5,5
6,6
7,7
8,8
33,9
10,10
11,11
12,12
13,13
14,14
16,15
16,16
17,17
18,18
19,19
20,20
22,21
22,22
23,23
24,24
25,25
26,26
27,27
28,28
11,29
30,30
31,31
32,32
33,33
34,34
35,35
36,36
37,37
38,38
39,39
40,40
41,41
42,42
43,43
44,44
24,45
46,46
47,47
48,48
49,49
50,50
51,51
52,52
53,53
54,54
55,55
56,56
57,57
58,58
59,59
0,0
18,1
2,2
3,3
4,4
5,5
6,6
7,7
8,8
33,9
10,10
11,11
12,12
13,13
14,14
15,15
15,16
27,17
18,18
19,19
20,20
21,21
22,22
23,23
43,24
25,25
26,26
27,27
28,28
29,29
30,30
31,31
32,32
33,33
34,34
24,35
36,36
37,37
38,38
9,39
40,40
41,41
42,42
43,43
44,44
34,45
43,46
47,47
48,48
49,49
50,50
51,51
52,52
53,53
54,54
55,55
56,56
57,57
58,58
59,59
